0.5325424425 -0.07231734711 -2.225927582e-08 0 221596123
0.546435881 -0.07231734521 -2.37718582e-08 0 321751953
0.5603293207 -0.08344309296 -2.437430992e-08 0 425537266
0.5672760411 -0.09456884301 -2.553290581e-08 0 522807642
0.5742227604 -0.09456884188 -2.643426986e-08 0 623476271
0.5742227617 -0.1056945912 -2.581419868e-08 0 723883352
0.5742227617 -0.1056945912 -2.581419868e-08 0 822933202
0.5811694835 -0.1279460902 -2.664289497e-08 0 922159241
0.5881162041 -0.1390718393 -2.736305707e-08 1 25666528
0.595062926 -0.1613233382 -2.819200771e-08 1 125355265
0.6089563687 -0.1947005864 -3.206890629e-08 1 224613690
0.6228498102 -0.216952085 -3.322002889e-08 1 321979880
0.6436899713 -0.2392035813 -3.614324154e-08 1 423348015
0.664530134 -0.2725808289 -3.932466464e-08 1 524534768
0.6784235759 -0.2948323269 -4.207553675e-08 1 621927238
0.6853702985 -0.3170838247 -4.50845844e-08 1 722347042
0.6853703015 -0.3393353257 -4.545166099e-08 1 821291126
0.6784235863 -0.3727125746 -4.632693851e-08 1 925229681
0.66453015 -0.3949640765 -4.604924012e-08 2 21590207
0.6436899938 -0.4172155797 -4.588753624e-08 2 125035076
0.6367432755 -0.42834133 -4.567405801e-08 2 223165005
0.6297965558 -0.4283413308 -4.50616067e-08 2 323492719
0.6228498361 -0.4283413319 -4.415917348e-08 2 422753394
0.608956398 -0.4394670826 -4.362305772e-08 2 522782177
0.5950629585 -0.4394670841 -4.23980861e-08 2 621473959
0.5742227993 -0.4394670864 -4.056064165e-08 2 724726317
0.5603293599 -0.439467088 -3.933567436e-08 2 824393387
0.5533826402 -0.4394670891 -3.843319804e-08 2 923568425
0.5325424821 -0.4505928425 -3.816150715e-08 3 23567040
0.5186490427 -0.450592844 -3.693647091e-08 3 126426939
0.5117023229 -0.4505928448 -3.63239463e-08 3 222169114
0.5047556032 -0.4505928452 -3.600142515e-08 3 323565641
0.4978088834 -0.4505928459 -3.538890486e-08 3 424545258
0.5047556032 -0.4505928452 -3.600142515e-08 3 524345037
0.5117023218 -0.4394670934 -3.504828669e-08 3 624429047
0.5255957601 -0.4283413427 -3.558490688e-08 3 723695320
0.5186490393 -0.4172155943 -3.428414727e-08 3 823993235
0.5186490381 -0.406089844 -3.213846445e-08 3 923598458
0.5047555965 -0.3838383451 -3.127719866e-08 4 21343631
0.4978088736 -0.3504610969 -2.743290836e-08 4 122145877
0.4839154312 -0.317083848 -2.64640698e-08 4 225222943
0.470021988 -0.2725808504 -2.219025455e-08 4 322057911
0.456128546 -0.2392036017 -1.991368317e-08 4 424650182
0.4422351061 -0.2280778534 -1.858208287e-08 4 523846449
0.4283416654 -0.2058263552 -1.714277612e-08 4 623041238
0.4144482257 -0.1947006061 -1.639152761e-08 4 723009122
0.4075015045 -0.1724491065 -1.48356572e-08 4 822085128
0.3936080641 -0.150197608 -1.368705228e-08 4 922394099
0.3866613439 -0.1390718586 -1.194919103e-08 5 24745875
0.3936080623 -0.127946108 -1.245302191e-08 5 123659409
0.3936080606 -0.1056946086 -1.19476745e-08 5 223919337
0.3936080589 -0.08344310848 -1.202231242e-08 5 323583986
0.3936080589 -0.08344310848 -1.202231242e-08 5 424400660
0.393608058 -0.07231735955 -1.23533286e-08 5 522407432
0.4005547773 -0.07231735915 -1.267463402e-08 5 622129353
0.4075014965 -0.07231735838 -1.328592564e-08 5 721253956
0.4213949349 -0.07231735757 -1.392853219e-08 5 824653601
0.4352883734 -0.07231735604 -1.515111544e-08 5 924332193
0.4491818128 -0.0834431038 -1.575298084e-08 6 23675086
0.4630752523 -0.09456885344 -1.723237776e-08 6 123354344
0.4769686919 -0.1056946012 -1.783454064e-08 6 223933654
0.4839154122 -0.1168203507 -1.826410004e-08 6 322967373
0.4908621336 -0.1390718497 -1.909189964e-08 6 422386641
0.5047555745 -0.1613233482 -2.024143145e-08 6 522142460
0.525595736 -0.1947005956 -2.472861285e-08 6 624478178
0.5394891771 -0.2169520946 -2.55888741e-08 6 723779535
0.5533826196 -0.2503293425 -2.844658616e-08 6 823135854
0.5742227818 -0.2837065891 -3.118802777e-08 6 922883735
0.5950629429 -0.3059580867 -3.42600803e-08 7 23134556
0.6020096651 -0.3282095852 -3.668831486e-08 7 122370098
0.6020096677 -0.3504610853 -3.66158325e-08 7 222013149
0.6089563886 -0.3615868346 -3.835550014e-08 7 322084425
0.60895639 -0.3727125834 -3.933427745e-08 7 424136910
0.6159031123 -0.3949640826 -4.118288022e-08 7 523434057
0.6159031163 -0.4283413327 -4.35467222e-08 7 623729567
0.6228498374 -0.4394670807 -4.513801979e-08 7 723239864
0.6297965585 -0.4505928313 -4.702677309e-08 7 822849202
0.6297965599 -0.46171858 -4.567830345e-08 7 922054770
0.6297965627 -0.4839700804 -4.895214245e-08 8 21638785
0.6367432838 -0.4950958292 -4.996370478e-08 8 122446783
0.636743288 -0.5284730791 -5.363654271e-08 8 224357313
0.6436900121 -0.5618503284 -5.661359037e-08 8 321651568
0.6575834562 -0.5952275748 -6.063513164e-08 8 423204774
0.6714769005 -0.6286048232 -6.553448884e-08 8 524057751
0.6923170635 -0.6508563203 -7.02095716e-08 8 622076475
0.7062105035 -0.6508563184 -7.172590033e-08 8 726348844
0.706210505 -0.6619820679 -7.21251881e-08 8 825387620
0.6992637865 -0.6731078194 -7.336861019e-08 8 922338945
0.6923170695 -0.69535932 -7.530117263e-08 9 21937953
0.6784236308 -0.706485071 -7.447369543e-08 9 121677401
0.6575834734 -0.7287365741 -7.561778009e-08 9 223841777
0.6367433159 -0.7509880764 -7.501407279e-08 9 323015973
0.6089564379 -0.7732395785 -7.568502886e-08 9 423171692
0.5881162799 -0.7954910818 -7.55190786e-08 9 521610605
0.5603294015 -0.8177425845 -7.691763981e-08 9 624338015
0.5325425217 -0.8288683377 -7.558987758e-08 9 721223108
0.5117023621 -0.8399940888 -7.472692093e-08 9 823742421
0.483915482 -0.8511198416 -7.36886232e-08 9 923096480
0.4561286019 -0.8622455939 -7.424869553e-08 10 23279256
0.4352884419 -0.8733713456 -7.411369757e-08 10 122196509
0.414448281 -0.8733713475 -7.256203599e-08 10 221471988
0.3866613997 -0.8733713495 -7.097646415e-08 10 322153973
0.3588745176 -0.8622456018 -6.79747289e-08 10 424257729
0.3380343567 -0.8622456034 -6.671316988e-08 10 521474813
0.3033007545 -0.8511198554 -6.265932084e-08 10 623793622
0.2755138734 -0.8511198574 -6.107404649e-08 10 723234710
0.2407802714 -0.8399941083 -5.919935891e-08 10 825169951
0.2129933898 -0.8288683611 -5.692749211e-08 10 921968600
0.1852065084 -0.8177426123 -5.479722431e-08 11 24199239
0.1574196271 -0.8066168627 -5.324721775e-08 11 121485289
0.1296327456 -0.784365363 -4.824517502e-08 11 225020165
0.09489914441 -0.7732396141 -4.739100606e-08 11 323940986
0.06711226354 -0.7621138664 -4.671942777e-08 11 424376706
0.05321882309 -0.750988116 -4.349040666e-08 11 523294170
0.03932538278 -0.7509881161 -4.342340543e-08 11 622153239
0.01848522228 -0.7398623661 -4.21984851e-08 11 722768185
0.01153850212 -0.7287366166 -4.176933088e-08 11 822061204
-0.002354938114 -0.7176108662 -3.854081432e-08 11 924342147
-0.002354938111 -0.7064851163 -3.843518581e-08 12 24665486
-0.002354938111 -0.7064851163 -3.843518581e-08 12 124163704
-0.009301658183 -0.6953593668 -3.800624288e-08 12 223036465
-0.01624837822 -0.6842336169 -3.554002193e-08 12 323313968
-0.03014181828 -0.6731078675 -3.507797502e-08 12 422214113
-0.05098197819 -0.6508563674 -3.273012789e-08 12 523040258
-0.06487541794 -0.628604867 -3.070580218e-08 12 621493171
-0.07876885774 -0.6174791175 -3.02443674e-08 12 721910385
-0.08571557733 -0.5952276164 -2.752487221e-08 12 824727436
-0.09266229707 -0.5841018677 -2.651673292e-08 12 924170714
-0.1065557367 -0.5729761166 -2.619703504e-08 13 24938751
-0.1135024563 -0.5618503678 -2.518907677e-08 13 123135093
-0.1273958959 -0.5507246165 -2.385094688e-08 13 222329109
-0.155182775 -0.5395988668 -2.361470003e-08 13 323303870
-0.1690762144 -0.5284731163 -2.402429733e-08 13 425186545
-0.1829696537 -0.5173473659 -2.312535569e-08 13 521094169
-0.2038098127 -0.5062216145 -2.306384625e-08 13 623221535
-0.2177032519 -0.4950958645 -2.18752331e-08 13 721306241
-0.2315966915 -0.4950958638 -2.238987695e-08 13 823819040
-0.2385434113 -0.4950958635 -2.264719884e-08 13 922442534
-0.2524368509 -0.4950958628 -2.316183836e-08 14 22375544
-0.2663302905 -0.4950958622 -2.367648219e-08 14 122179964
-0.2802237295 -0.4839701117 -2.408693309e-08 14 220975698
-0.3010638889 -0.4839701103 -2.514900144e-08 14 321249774
-0.3149573284 -0.4839701097 -2.566371854e-08 14 424065727
-0.3288507673 -0.4728443595 -2.578450228e-08 14 522815346
-0.3427442068 -0.4728443589 -2.629928836e-08 14 623249784
-0.3566376464 -0.4728443579 -2.710406929e-08 14 721949574
-0.3705310851 -0.4617186056 -2.532908772e-08 14 822092008
-0.3844245246 -0.4617186046 -2.613394193e-08 14 922316284
-0.4052646839 -0.4617186029 -2.748621206e-08 15 20805246
-0.4191581234 -0.4617186019 -2.829106624e-08 15 121875195
-0.4399982827 -0.4617186002 -2.964334497e-08 15 222591529
-0.460838441 -0.4505928494 -3.263973136e-08 15 323595827
-0.4747318804 -0.450592848 -3.373464938e-08 15 422752007
-0.4886253199 -0.4505928466 -3.48295674e-08 15 523138430
-0.5094654792 -0.4505928446 -3.647194871e-08 15 621350017
-0.5303056384 -0.4505928429 -3.782433519e-08 15 722144474
-0.5511457976 -0.4505928405 -3.975670274e-08 15 824800898
-0.5719859568 -0.450592838 -4.168907888e-08 15 923948919
-0.5997728358 -0.4505928349 -4.416890972e-08 16 23756486
-0.620612995 -0.4505928325 -4.610128154e-08 16 123247047
-0.6553465923 -0.4394670769 -4.814895938e-08 16 222962052
-0.6831334712 -0.4394670731 -5.120892213e-08 16 322210533
-0.7178670698 -0.4394670685 -5.481639129e-08 16 421199506
-0.7526006685 -0.4394670633 -5.90038329e-08 16 521321774
-0.7803875491 -0.4505928105 -6.362276356e-08 16 624908933
-0.8081744281 -0.4505928059 -6.726256505e-08 16 723297244
-0.8290145873 -0.4505928027 -6.977493083e-08 16 823524714
-0.8498547484 -0.4617185483 -7.093116619e-08 16 923131817
-0.8637481879 -0.4617185458 -7.289599105e-08 17 25144705
-0.8845883472 -0.4617185423 -7.569823957e-08 17 122136096
-0.8984817867 -0.4617185398 -7.766306445e-08 17 220773784
-0.9054285064 -0.4617185388 -7.850049671e-08 17 321144576
-0.9262686677 -0.4728442858 -8.445960462e-08 17 424804798
-0.9332153875 -0.4728442848 -8.529699377e-08 17 523131734
-0.947108827 -0.4728442823 -8.726174536e-08 17 623832587
-0.9610022666 -0.4728442795 -8.951649608e-08 17 722569031
-0.9748957061 -0.472844277 -9.148126059e-08 17 822936751
-0.9887891478 -0.4839700233 -9.441651652e-08 17 922304475
-1.002682587 -0.4839700205 -9.667119397e-08 18 22174576
-1.016576027 -0.4839700176 -9.892587571e-08 18 124858397
-1.037416186 -0.4839700138 -1.020179121e-07 18 223588436
-1.051309628 -0.4950957604 -1.04662768e-07 18 323056550
-1.072149788 -0.4950957562 -1.080446871e-07 18 424283924
-1.092989947 -0.4950957516 -1.117165882e-07 18 522938270
-1.106883387 -0.4950957487 -1.139712053e-07 18 624901385
-1.120776826 -0.4950957456 -1.165158086e-07 18 722434382
-1.134670266 -0.4950957424 -1.190604032e-07 18 821457307
-1.155510425 -0.4950957377 -1.227323172e-07 18 923830430
-1.176350585 -0.4950957331 -1.264042355e-07 19 23983880
-1.218030901 -0.4839699737 -1.339387196e-07 19 122956229
-1.273604654 -0.4617184597 -1.414433127e-07 19 222411509
-1.343071842 -0.428341193 -1.547413801e-07 19 322781168
-1.419485753 -0.4060896721 -1.689701113e-07 19 424811638
-1.495899663 -0.3838381502 -1.863977767e-07 19 522017029
-1.55147341 -0.3504608844 -1.96568899e-07 19 621696824
-1.60010044 -0.3282093688 -2.089085349e-07 19 721115224
-1.634834031 -0.3059578585 -2.159447094e-07 19 824603628
-1.655674186 -0.2948321029 -2.203913863e-07 19 922771409
-1.648727463 -0.2837063546 -2.178576768e-07 20 22349160
-1.63483402 -0.2725806097 -2.137645626e-07 20 122958443
-1.613993855 -0.2503291164 -2.084459803e-07 20 221913142
-1.593153689 -0.2280776228 -2.021082849e-07 20 322292388
-1.593153686 -0.2169518736 -2.014309181e-07 20 421006967
-1.613993837 -0.1947003667 -2.069409517e-07 20 521449864
-1.648727427 -0.1724488556 -2.145594224e-07 20 621113717
-1.704301174 -0.1501973379 -2.286125191e-07 20 723014023
-1.745981475 -0.1056943242 -2.383279402e-07 20 822917851
-1.787661779 -0.07231706039 -2.50468813e-07 20 922051735
-1.829342094 -0.07231704605 -2.618807681e-07 21 22272102
-1.87796912 -0.05006552811 -2.749508821e-07 21 120996343
-1.919649423 -0.01668826322 -2.879648692e-07 21 224762208
-1.968276453 -0.005562494875 -3.037499555e-07 21 321224482
-2.023850215 -0.02781397137 -3.189051709e-07 21 420735861
-2.079423977 -0.05006544982 -3.372639533e-07 21 522349164
-2.072477258 -0.0500654527 -3.34975232e-07 21 622484392
-2.051637105 -0.06119121107 -3.295127339e-07 21 722178875
-2.037743666 -0.06119121645 -3.252253422e-07 21 824920077
-2.023850232 -0.07231697246 -3.204531264e-07 21 921315788
-2.030796961 -0.094568469 -3.232219838e-07 22 24227606
-2.037743684 -0.1056942158 -3.245869599e-07 22 123912858
-2.058583847 -0.1168199571 -3.31547565e-07 22 224269418
-2.07247729 -0.1279457012 -3.362194789e-07 22 322948771
-2.086370733 -0.1390714454 -3.408912334e-07 22 423977330
-2.093317457 -0.1501971926 -3.442931383e-07 22 525340585
-2.1072109 -0.1613229365 -3.479459778e-07 22 624619221
-2.107210895 -0.1501971868 -3.488699428e-07 22 721058007
-2.100264167 -0.1279456897 -3.453733595e-07 22 824625882
-2.086370724 -0.1168199456 -3.407015921e-07 22 922322760
-2.093317434 -0.09456844385 -3.432392181e-07 23 23050991
-2.107210868 -0.08344268727 -3.472829794e-07 23 122620693
-2.148891183 -0.08344267001 -3.610146733e-07 23 222872873
-2.197518223 -0.0945684 -3.7814791e-07 23 321903946
-2.260038696 -0.0945683723 -4.001951038e-07 23 420870252
-2.322559169 -0.0945683446 -4.222422975e-07 23 522673676
-2.385079648 -0.1056940648 -4.448140606e-07 23 624454869
-2.440653402 -0.1056940385 -4.657323615e-07 23 723237082
-2.496227145 -0.08344251131 -4.873352564e-07 23 820632509
-2.551800894 -0.07231673498 -5.094704012e-07 23 922898963
-2.600427911 -0.03893945912 -5.288357332e-07 24 21132981
-2.642108209 -0.0055621897 -5.466497811e-07 24 122550612
-2.676841793 0.01668932942 -5.606618515e-07 24 220665516
-2.690735213 0.05006658595 -5.658346503e-07 24 321056270
-2.711575353 0.08344384624 -5.751856992e-07 24 424708633
-2.739362211 0.1168211114 -5.872579555e-07 24 522880128
-2.787989213 0.1724498878 -6.093554587e-07 24 623749708
-2.843562927 0.2392044172 -6.36271554e-07 24 722643051
-2.906083352 0.3170847013 -6.681490517e-07 24 822111762
-2.954710337 0.3949649782 -6.942907873e-07 24 921619873
-2.996390603 0.4728452521 -7.19164303e-07 25 21034455
-3.031124136 0.5729770217 -7.430276991e-07 25 124633883
-3.045017519 0.6619830281 -7.599770865e-07 25 223234075
-3.058910889 0.7732405352 -7.786367297e-07 25 323912742
-3.065857533 0.8956237897 -7.975336553e-07 25 422759117
-3.072804184 1.006881292 -8.173984667e-07 25 522275317
-3.065857399 1.118138787 -8.335563573e-07 25 624759431
-3.051963903 1.218270527 -8.441718512e-07 25 722672162
-3.01723025 1.329528005 -8.504413246e-07 25 822073945
-2.982496592 1.451911235 -8.603943452e-07 25 924580294
-2.954709665 1.552042967 -8.725280339e-07 26 22501104
-2.926922746 1.64104895 -8.806748868e-07 26 121063243
-2.899135834 1.718929184 -8.899287155e-07 26 221867478
-2.87829564 1.796809421 -9.003078647e-07 26 322628600
-2.864402169 1.863563913 -9.136512309e-07 26 420958061
-2.843561969 1.9525699 -9.306288751e-07 26 521784978
-2.815775048 2.052701634 -9.508916263e-07 26 624350683
-2.787988128 2.152833368 -9.704231083e-07 26 721040003
-2.753254481 2.275216598 -9.978011644e-07 26 823097489
-2.725467557 2.386474082 -1.027273418e-06 26 923595873
-2.683787203 2.497731559 -1.051858861e-06 27 22821828
-2.642106845 2.620114786 -1.083330086e-06 27 121456544
-2.586533064 2.731372257 -1.106947246e-06 27 221857791
-2.537905995 2.853755481 -1.142073641e-06 27 325600647
-2.482332214 2.976138703 -1.175765961e-06 27 420898780
-2.43370515 3.098521928 -1.216115557e-06 27 524531083
-2.378131389 3.187527901 -1.238728777e-06 27 620789956
-2.32255762 3.298785375 -1.274675592e-06 27 722499526
-2.260037139 3.410042847 -1.310785383e-06 27 822006108
-2.20446338 3.510174571 -1.346375832e-06 27 922204069
-2.141942904 3.621432044 -1.386689358e-06 28 21891997
-2.086369159 3.699312271 -1.413000378e-06 28 121582557
-2.023848692 3.799443995 -1.450631377e-06 28 224461860
-1.961328232 3.88844997 -1.485875966e-06 28 322625587
-1.891861053 3.999707443 -1.534474709e-06 28 423579841
-1.829340594 4.099839171 -1.579642531e-06 28 523122210
-1.766820137 4.199970897 -1.626990569e-06 28 621759562
-1.711246396 4.300102628 -1.67895553e-06 28 725388808
-1.648725952 4.377982856 -1.715719638e-06 28 820772552
-1.586205502 4.478114586 -1.769148426e-06 28 921339118
-1.523685059 4.567120567 -1.816995741e-06 29 23569468
-1.468111333 4.6450008 -1.860116499e-06 29 122674608
-1.405590899 4.711755281 -1.894186659e-06 29 223449867
-1.343070471 4.767384015 -1.922819532e-06 29 322762019
-1.273603328 4.834138498 -1.95907631e-06 29 422273723
-1.204136192 4.87864148 -1.979674798e-06 29 522193422
-1.12077563 4.93427021 -2.007770297e-06 29 620965678
-1.030468358 4.989898941 -2.035437698e-06 29 724957755
-0.9540545119 5.045527676 -2.066989568e-06 29 820574873
-0.8776406696 5.090030662 -2.0920878e-06 29 922892450
-0.8151202511 5.145659402 -2.128681911e-06 30 24028169
-0.759546546 5.201288142 -2.166418517e-06 30 122256650
-0.6970261301 5.256916884 -2.204746291e-06 30 224548252
-0.6345057171 5.301419876 -2.235462444e-06 30 322136310
-0.5719853051 5.345922868 -2.265886003e-06 30 420475934
-0.5164116071 5.379300112 -2.289555556e-06 30 520689181
-0.4677846236 5.390425856 -2.296106123e-06 30 623832454
-0.4330510638 5.401551603 -2.302770309e-06 30 722826402
-0.3913707916 5.423803099 -2.318943471e-06 30 822542034
-0.3566372322 5.434928848 -2.326038013e-06 30 922390535
-0.3288503847 5.446054596 -2.334137429e-06 31 21659709
-0.2941168262 5.446054594 -2.332464683e-06 31 121820370
-0.2593832678 5.446054592 -2.33108194e-06 31 221718399
-0.2246497088 5.45718034 -2.339922804e-06 31 323955291
-0.1899161501 5.468306088 -2.348034618e-06 31 423383890
-0.1551825911 5.490557587 -2.365201951e-06 31 523317310
-0.1343424559 5.501683337 -2.374736306e-06 31 622940891
-0.1065556092 5.512809086 -2.384722371e-06 31 722754838
-0.08571547423 5.523934836 -2.393676271e-06 31 821832137
-0.07182205106 5.523934835 -2.393122672e-06 31 920982829
-0.06487533948 5.523934835 -2.393425853e-06 32 20446720
-0.05098191631 5.523934835 -2.393162249e-06 32 121534685
-0.05792862802 5.512809086 -2.384234982e-06 32 222920061
-0.06487533976 5.501683336 -2.373998974e-06 32 322517587
-0.07876876333 5.479431835 -2.354842814e-06 32 421899484
-0.0996088987 5.457180336 -2.336974227e-06 32 521158826
-0.1273957454 5.457180336 -2.337210587e-06 32 621761649
-0.1482358804 5.457180337 -2.337750344e-06 32 721092049
-0.1899161501 5.468306088 -2.348034618e-06 32 820953043
-0.210756285 5.468306089 -2.348574486e-06 32 924383824
-0.2246497088 5.45718034 -2.339922804e-06 33 20797827
-0.231596421 5.446054591 -2.329975742e-06 33 122882857
-0.231596421 5.446054591 -2.329975742e-06 33 223740470
-0.231596421 5.446054591 -2.329975742e-06 33 324737371
-0.2385431327 5.446054591 -2.329962301e-06 33 421358524
-0.2454898444 5.446054591 -2.330528841e-06 33 521918034
-0.2593832683 5.434928842 -2.321296841e-06 33 623390665
-0.2732766918 5.434928842 -2.321849871e-06 33 721238964
-0.2871701152 5.434928843 -2.322402892e-06 33 822879305
-0.3010635386 5.434928844 -2.322955926e-06 33 921530408
-0.3149569627 5.423803094 -2.314742241e-06 34 22561222
-0.3288503861 5.423803095 -2.315585188e-06 34 121572620
-0.349690522 5.412677347 -2.306770353e-06 34 221787831
-0.3705306581 5.401551598 -2.299122674e-06 34 325408447
-0.3844240824 5.39042585 -2.290759727e-06 34 423586257
-0.3983175068 5.379300101 -2.281377951e-06 34 521144927
-0.4052642195 5.368174352 -2.271139748e-06 34 623160106
-0.4122109313 5.368174353 -2.271706042e-06 34 722581479
-0.4261043558 5.357048603 -2.264800026e-06 34 822036668
-0.4330510676 5.357048604 -2.265366281e-06 34 921526238
-0.4469444912 5.357048605 -2.266498791e-06 35 20984129
-0.4608379158 5.345922856 -2.256826486e-06 35 121846171
-0.4747313395 5.345922858 -2.257958924e-06 35 224144639
-0.4816780513 5.345922858 -2.25852514e-06 35 322276588
-0.4955714761 5.334797109 -2.250889937e-06 35 423287126
-0.502518189 5.32367136 -2.241669765e-06 35 521917717
-0.5164116127 5.323671361 -2.24280206e-06 35 621629134
-0.5164116138 5.312545612 -2.233885617e-06 35 721165639
-0.5303050376 5.312545613 -2.235017839e-06 35 821957717
-0.5372517495 5.312545614 -2.235873943e-06 35 923746102
-0.5511451732 5.312545616 -2.237006165e-06 36 19986303
-0.5580918863 5.301419867 -2.228075626e-06 36 122514456
-0.5719853101 5.301419868 -2.229207784e-06 36 221932862
-0.578932022 5.301419869 -2.230063853e-06 36 321943940
-0.5858787338 5.30141987 -2.230629927e-06 36 421592548
-0.5858787338 5.30141987 -2.230629927e-06 36 521223872
-0.5928254457 5.301419871 -2.231485992e-06 36 620504021
-0.5997721563 5.312545621 -2.241258947e-06 36 723215129
-0.5997721563 5.312545621 -2.241258947e-06 36 823844629
-0.6067188682 5.312545622 -2.241825056e-06 36 923183086
-0.6067188682 5.312545622 -2.241825056e-06 37 21948637
-0.6067188669 5.323671371 -2.250741969e-06 37 122125545
-0.6067188669 5.323671371 -2.250741969e-06 37 224153082
-0.6067188669 5.323671371 -2.250741969e-06 37 321130637
-0.5997721537 5.33479712 -2.259672693e-06 37 422005333
-0.5997721537 5.33479712 -2.259672693e-06 37 520559389
-0.5997721537 5.33479712 -2.259672693e-06 37 623251875
-0.6067188642 5.345922872 -2.269007094e-06 37 722308161
-0.5997721524 5.345922871 -2.268440877e-06 37 822615292
-0.6067188629 5.357048621 -2.279522674e-06 37 922030816
-0.6067188629 5.357048621 -2.279522674e-06 38 21544385
-0.6067188615 5.368174372 -2.286982225e-06 38 120919517
-0.6067188602 5.379300122 -2.297497805e-06 38 220544841
-0.5997721471 5.39042587 -2.307157031e-06 38 323133930
-0.5997721458 5.40155162 -2.316363904e-06 38 423169720
-0.6067188562 5.412677372 -2.325988516e-06 38 522056137
-0.6067188562 5.412677372 -2.325988516e-06 38 622584575
-0.6067188549 5.42380312 -2.335634115e-06 38 721590115
-0.6067188536 5.434928871 -2.34469233e-06 38 821260508
-0.6067188523 5.446054621 -2.354479226e-06 38 920731154
-0.6067188509 5.457180371 -2.364704816e-06 39 22992471
-0.6067188496 5.46830612 -2.373911723e-06 39 123731918
-0.6067188483 5.47943187 -2.383408626e-06 39 222942924
-0.606718847 5.490557621 -2.392176849e-06 39 322312428
-0.6067188456 5.501683372 -2.40225374e-06 39 422179922
-0.6067188443 5.512809121 -2.41247933e-06 39 521205172
-0.5997721314 5.52393487 -2.421119439e-06 39 623986586
-0.5928254185 5.535060619 -2.430049473e-06 39 720838207
-0.5928254172 5.546186369 -2.439546307e-06 39 820200359
-0.5928254159 5.557312119 -2.449771818e-06 39 920478780
-0.5928254146 5.56843787 -2.458829964e-06 40 23946677
-0.5997721248 5.57956362 -2.469622455e-06 40 122078004
-0.5997721235 5.590689369 -2.478829332e-06 40 221809918
-0.5997721222 5.60181512 -2.488616195e-06 40 321616273
-0.5997721222 5.60181512 -2.488616195e-06 40 421250327
-0.6067188324 5.612940871 -2.49926013e-06 40 520856729
-0.6067188324 5.612940871 -2.49926013e-06 40 620582243
-0.6136655438 5.612940872 -2.499827218e-06 40 722816959
-0.6136655425 5.624066621 -2.510052838e-06 40 822815033
-0.6136655425 5.624066621 -2.510052838e-06 40 923260657
-0.6136655411 5.635192372 -2.520129768e-06 41 21699869
-0.6136655398 5.646318121 -2.530355392e-06 41 121799721
-0.6206122512 5.646318122 -2.531212573e-06 41 224021183
-0.6206122512 5.646318122 -2.531212573e-06 41 320982290
-0.6206122512 5.646318122 -2.531212573e-06 41 419787737
-0.6206122512 5.646318122 -2.531212573e-06 41 520574872
-0.6275589626 5.646318123 -2.531779765e-06 41 622809709
-0.6275589613 5.657443874 -2.540838086e-06 41 721810083
-0.6345056727 5.657443875 -2.541405324e-06 41 821650034
-0.6414523827 5.668569624 -2.552637004e-06 41 921219716
-0.648399094 5.668569625 -2.553494263e-06 42 20355299
-0.655345804 5.679695377 -2.563119991e-06 42 120816909
-0.6553458026 5.690821126 -2.572327158e-06 42 223047732
-0.6483990912 5.690821126 -2.57175982e-06 42 322207335
-0.6483990898 5.701946875 -2.58227562e-06 42 421441198
-0.6483990898 5.701946875 -2.58227562e-06 42 521987923
-0.6553458026 5.690821126 -2.572327158e-06 42 620845580
-0.6692392253 5.690821128 -2.573751827e-06 42 724656417
-0.683132648 5.69082113 -2.575176488e-06 42 819883066
-0.683132648 5.69082113 -2.575176488e-06 42 920565457
-0.6900793563 5.71307263 -2.597065847e-06 43 22423506
-0.7109194856 5.746449884 -2.628420381e-06 43 121428806
-0.7317596147 5.779827137 -2.661812923e-06 43 222994876
-0.7525997401 5.83545589 -2.714930111e-06 43 322448221
-0.7734398635 5.902210393 -2.778126135e-06 43 421122794
-0.794279988 5.957839145 -2.833572942e-06 43 520938935
-0.8081733993 6.024593648 -2.896203034e-06 43 620885360
-0.8151201013 6.080222398 -2.950224748e-06 43 722924790
-0.8151200924 6.135851148 -3.004696716e-06 43 823432155
-0.8081733746 6.180354148 -3.046625733e-06 43 922383866
-0.7942799445 6.235982895 -3.099528031e-06 44 22802834
-0.7803865148 6.291611643 -3.152132217e-06 44 121012015
-0.766493082 6.36949189 -3.227664563e-06 44 224249689
-0.7664930719 6.43624639 -3.294540342e-06 44 320109980
-0.7664930602 6.514126641 -3.373531201e-06 44 420669936
-0.7734397603 6.580881142 -3.442285861e-06 44 524228895
-0.7873331702 6.647635644 -3.514228744e-06 44 619977575
-0.7942798698 6.714390144 -3.584731855e-06 44 720363186
-0.8081732774 6.792270396 -3.669520216e-06 44 822305694
-0.8220666863 6.859024899 -3.741465552e-06 44 921140883
-0.8290133834 6.93690515 -3.827283156e-06 45 22072089
-0.8359600802 7.014785401 -3.914268649e-06 45 121334413
-0.8429067806 7.070414152 -3.975856322e-06 45 219995013
-0.8429067695 7.137168653 -4.050296518e-06 45 323648108
-0.8359600528 7.181671651 -4.098773629e-06 45 420089410
-0.8290133399 7.203923151 -4.123740933e-06 45 522776252
-0.822066627 7.226174648 -4.147986816e-06 45 622349954
-0.8151199159 7.237300397 -4.160258524e-06 45 721591294
-0.8151199106 7.270677648 -4.197333196e-06 45 821299268
-0.822066618 7.281803398 -4.211768367e-06 45 920241117
-0.8220666144 7.304054898 -4.237017772e-06 46 20875638
-0.8220666126 7.315180649 -4.248114463e-06 46 124306380
-0.8220666126 7.315180649 -4.248114463e-06 46 222282336
-0.8290133199 7.326306399 -4.263129804e-06 46 323006127
-0.8290133199 7.326306399 -4.263129804e-06 46 422161967
-0.8359600272 7.337432151 -4.277416545e-06 46 520692920
-0.8359600254 7.3485579 -4.289970671e-06 46 619850383
-0.8429067345 7.348557901 -4.290833362e-06 46 720612516
-0.8359600254 7.3485579 -4.289970671e-06 46 819618117
-0.8359600235 7.35968365 -4.302814791e-06 46 922321141
-0.8359600235 7.35968365 -4.302814791e-06 47 22279634
-0.8290133145 7.359683649 -4.302242043e-06 47 121529033
-0.8220666036 7.370809398 -4.313204682e-06 47 221677150
-0.8151198945 7.370809397 -4.312341918e-06 47 321207928
-0.8081731837 7.381935146 -4.324613113e-06 47 420550069
-0.8012264712 7.404186646 -4.3492895e-06 47 520096347
-0.8012264677 7.426438145 -4.375996056e-06 47 623744602
-0.7942797535 7.459815394 -4.413516127e-06 47 721798131
-0.7803863287 7.504318391 -4.463745336e-06 47 822892681
-0.7664929043 7.54882139 -4.515862625e-06 47 921951976
-0.7525994784 7.604450138 -4.579075656e-06 48 21261476
-0.7317593442 7.660078885 -4.642881643e-06 48 120698459
-0.6970257917 7.726833379 -4.719400839e-06 48 220386151
-0.6692389501 7.782462127 -4.785098738e-06 48 322504878
-0.6414521077 7.849216623 -4.864076995e-06 48 423595604
-0.6067185577 7.915971118 -4.942478987e-06 48 520321663
-0.578931713 8.016102865 -5.065067929e-06 48 623333194
-0.5580915775 8.116234613 -5.190266815e-06 48 721775895
-0.5303047337 8.22749211 -5.330928131e-06 48 821528686
-0.4955711845 8.327623857 -5.457878294e-06 48 920790769
-0.4677843443 8.427755604 -5.588018766e-06 49 20598321
-0.4330507977 8.527887351 -5.718308806e-06 49 123545290
-0.4122106671 8.6280191 -5.85119926e-06 49 219829957
-0.3913705374 8.728150849 -5.986853813e-06 49 320192731
-0.3635836998 8.850534097 -6.153136957e-06 49 421558097
-0.3288501581 8.950665845 -6.291847317e-06 49 521420945
-0.2871699104 9.061923342 -6.447033509e-06 49 620962608
-0.2385429574 9.18430659 -6.619712498e-06 49 724267456
-0.2038094196 9.306689839 -6.79645135e-06 49 824918230
-0.189916003 9.406821588 -6.943287026e-06 49 920782605
-0.1621291743 9.518079087 -7.106888652e-06 50 22943092
-0.1482357592 9.618210838 -7.256918351e-06 50 121797059
-0.134342344 9.740594087 -7.443245786e-06 50 222844156
-0.1135022237 9.862977338 -7.630440781e-06 50 320580669
-0.0996088096 10.00761209 -7.856260662e-06 50 420958412
-0.08571539661 10.12999534 -8.048687482e-06 50 520975880
-0.06487527917 10.25237859 -8.243876644e-06 50 624107532
-0.04403516283 10.36363609 -8.423606071e-06 50 720649668
-0.01624834255 10.48601934 -8.62402241e-06 50 823000827
0.01848518109 10.59727684 -8.808395298e-06 50 921678040
0.04627199859 10.71966009 -9.012731066e-06 51 22038594
0.07405881477 10.84204334 -9.219681011e-06 51 121205915
0.1018456294 10.97555234 -9.448486456e-06 51 221313233
0.1226857388 11.09793559 -9.660089463e-06 51 319772853
0.1504725508 11.23144459 -9.895431933e-06 51 420822054
0.1713126577 11.3649536 -1.013237532e-05 51 523501264
0.192152763 11.50958835 -1.039306296e-05 51 621977717
0.2129928676 11.64309735 -1.063596443e-05 51 721853285
0.2338329717 11.7654806 -1.086137003e-05 51 821517910
0.26856648 11.8989896 -1.111050491e-05 51 924113404
0.2963532843 12.02137286 -1.134055172e-05 52 20627276
0.3241400874 12.14375611 -1.157510136e-05 52 121276782
0.344980186 12.27726511 -1.18304952e-05 52 223552963
0.3519268806 12.38852261 -1.204714198e-05 52 320426770
0.3449801701 12.51090586 -1.22861029e-05 52 422144288
0.3310867581 12.63328911 -1.25263831e-05 52 521768464
0.3171933474 12.74454661 -1.274742469e-05 52 621481896
0.282459832 12.86692986 -1.299094444e-05 52 721280913
0.2407796174 12.97818736 -1.32153872e-05 52 820795314
0.1782593008 13.08944486 -1.344102815e-05 52 920726880
0.1087922862 13.18957661 -1.364541598e-05 53 23235890
0.03237857333 13.27858261 -1.38288332e-05 53 120177354
-0.05098183759 13.37871436 -1.403863441e-05 53 222021137
-0.1273955451 13.45659461 -1.420369246e-05 53 321636783
-0.2107559504 13.54560062 -1.439498638e-05 53 421223462
-0.280222953 13.61235512 -1.453949117e-05 53 520882870
-0.349689953 13.69023537 -1.470992862e-05 53 621110485
-0.4052635503 13.76811563 -1.488063411e-05 53 720763944
-0.4608371458 13.84599588 -1.505338101e-05 53 819487097
-0.5164107397 13.92387614 -1.52272919e-05 53 921688482
-0.5650376318 14.0017564 -1.540250126e-05 54 22487044
-0.6136645251 14.05738515 -1.552832341e-05 54 121817028
-0.6692381173 14.11301391 -1.565779133e-05 54 221755304
-0.7248117113 14.14639117 -1.573758024e-05 54 320764478
-0.7734386049 14.17976843 -1.581764605e-05 54 419194359
-0.808172102 14.19089418 -1.584626081e-05 54 520800812
-0.8290122012 14.19089418 -1.584891533e-05 54 623233371
-0.8290121994 14.20201993 -1.587324748e-05 54 719519212
-0.8151187999 14.20201993 -1.587118773e-05 54 822024844
-0.794278699 14.21314568 -1.589432243e-05 54 921492488
-0.7595451954 14.24652293 -1.596449186e-05 55 20936517
-0.7248116939 14.26877442 -1.6011206e-05 55 120503729
-0.6831314916 14.30215166 -1.607932828e-05 55 220298416
-0.6414512898 14.33552891 -1.615166528e-05 55 320050853
-0.5997710899 14.3577804 -1.619734268e-05 55 422816355
-0.5580908903 14.3800319 -1.624316051e-05 55 521634952
-0.5025172922 14.40228339 -1.628924379e-05 55 621931850
-0.453890395 14.41340914 -1.631071394e-05 55 721678262
-0.3913700983 14.43566063 -1.635692092e-05 55 820855375
-0.3288498014 14.46903788 -1.642949351e-05 55 920970486
-0.2663295059 14.49128938 -1.647583888e-05 56 19692778
-0.1899158124 14.51354087 -1.65240398e-05 56 120038192
-0.127395518 14.53579237 -1.657328977e-05 56 219991127
-0.05098182588 14.54691812 -1.659730087e-05 56 321903646
0.03237856512 14.56916962 -1.664722147e-05 56 421279630
0.1087922564 14.58029537 -1.667456919e-05 56 521257828
0.1990993454 14.60254688 -1.672838927e-05 56 620841968
0.2755130358 14.61367263 -1.675631492e-05 56 720704776
0.344980026 14.63592413 -1.681032207e-05 56 820760708
0.4213937165 14.63592414 -1.681478272e-05 56 919878129
0.497807406 14.6470499 -1.684705594e-05 57 22725629
0.5603276969 14.65817565 -1.687791115e-05 57 122375219
0.629794688 14.65817566 -1.688441733e-05 57 221808304
0.6992616776 14.66930142 -1.69168464e-05 57 320886580
0.7687286685 14.66930143 -1.692509219e-05 57 423538869
0.8312489604 14.66930144 -1.69327744e-05 57 520284998
0.9007159533 14.6581757 -1.691683831e-05 57 620718494
0.9771296456 14.64704997 -1.69021879e-05 57 720063191
1.060490035 14.64704998 -1.691562164e-05 57 821787544
1.13690373 14.6247985 -1.687664311e-05 57 921519326
1.220264123 14.61367277 -1.686691618e-05 58 21280449
1.303624516 14.60254704 -1.685805271e-05 58 120639232
1.393931608 14.59142131 -1.685164259e-05 58 219873577
1.491185404 14.56916984 -1.68213211e-05 58 320400998
1.581492497 14.55804412 -1.681883199e-05 58 422851909
1.657906196 14.53579264 -1.678726058e-05 58 520198344
1.741266591 14.52466692 -1.678507968e-05 58 622218454
1.817680287 14.5135412 -1.677956952e-05 58 721254439
1.894093984 14.50241547 -1.677609749e-05 58 821694826
1.970507681 14.49128975 -1.677436623e-05 58 920389163
2.046921382 14.46903828 -1.674889851e-05 59 21055227
2.130281784 14.44678682 -1.672471058e-05 59 120899042
2.206695492 14.4134096 -1.667536101e-05 59 223692133
2.283109196 14.39115813 -1.665163109e-05 59 322293707
2.359522906 14.35778092 -1.660489582e-05 59 419535121
2.435936616 14.3244037 -1.655801423e-05 59 521376868
2.512350328 14.29102649 -1.651214631e-05 59 621814328
2.588764041 14.25764928 -1.646875679e-05 59 720960931
2.658231055 14.22427206 -1.642145861e-05 59 819328054
2.734644775 14.1797691 -1.635593134e-05 59 920206213
2.811058497 14.13526614 -1.628967857e-05 60 23693344
2.887472214 14.10188894 -1.624992049e-05 60 120142553
2.963885945 14.04626023 -1.616240982e-05 60 221870755
3.040299671 14.00175727 -1.610037517e-05 60 321543598
3.116713406 13.94612857 -1.601475328e-05 60 421503109
3.200073835 13.90162562 -1.595924001e-05 60 521278367
3.269540872 13.84599691 -1.587306698e-05 60 619549033
3.345954603 13.80149396 -1.581641439e-05 60 720476817
3.422368351 13.73473951 -1.571157606e-05 60 823027422
3.491835393 13.67911081 -1.562991281e-05 60 922512461
3.575195846 13.61235637 -1.553334633e-05 61 22363743
3.651609591 13.55672767 -1.54567494e-05 61 121283125
3.734970048 13.48997323 -1.536411127e-05 61 223465913
3.818330498 13.43434454 -1.529607636e-05 61 320599254
3.908637659 13.36759011 -1.521054453e-05 61 420485517
3.991998114 13.31196142 -1.514600622e-05 61 520242593
4.089251989 13.23408125 -1.504544633e-05 61 619535426
4.172612457 13.16732682 -1.496067158e-05 61 721429659
4.269866338 13.08944665 -1.486492081e-05 61 822188465
4.35322681 13.02269222 -1.478378593e-05 61 921310587
4.443533996 12.94481205 -1.46870478e-05 62 21063474
4.519947781 12.86693186 -1.45829462e-05 62 120388912
4.596361558 12.80017743 -1.450373415e-05 62 219973814
4.672775348 12.72229725 -1.440225319e-05 62 322574304
4.756135832 12.65554283 -1.433203838e-05 62 422824169
4.825602924 12.57766264 -1.422957412e-05 62 521627996
4.90201672 12.49978246 -1.413406539e-05 62 621991091
4.964537104 12.43302802 -1.405215277e-05 62 721018812
5.0270575 12.35514783 -1.395044826e-05 62 823295224
5.082631196 12.27726764 -1.384207968e-05 62 920608337
5.145151607 12.1882617 -1.37217488e-05 63 19085131
5.20767201 12.11038151 -1.362485397e-05 63 120267648
5.277139116 12.03250134 -1.353418701e-05 63 223132824
5.339659511 11.9657469 -1.345999561e-05 63 322338894
5.402179918 11.88786672 -1.336776163e-05 63 421261553
5.450806922 11.80998652 -1.326379802e-05 63 521196001
5.513327333 11.73210633 -1.317346127e-05 63 623486856
5.568901044 11.65422614 -1.307878579e-05 63 723532850
5.617528052 11.57634595 -1.297861083e-05 63 819626214
5.666155074 11.48734 -1.286185167e-05 63 923184523
5.714782086 11.4094598 -1.276546135e-05 64 21976033
5.756462408 11.32045385 -1.264407565e-05 64 119540422
5.798142744 11.22032215 -1.250363031e-05 64 222369350
5.839823056 11.14244194 -1.240524064e-05 64 320180569
5.874556679 11.05343598 -1.228213744e-05 64 421087735
5.902343598 10.96443001 -1.21547064e-05 64 520231767
5.923183827 10.86429829 -1.200212206e-05 64 619445128
5.94402407 10.75304081 -1.183339204e-05 64 719620503
5.971811005 10.6529091 -1.16905342e-05 64 819474556
5.992651224 10.56390312 -1.156138292e-05 64 919875187
6.020438161 10.4637714 -1.14233332e-05 65 21130816
6.055171805 10.36363969 -1.129180477e-05 65 121663735
6.089905449 10.26350798 -1.116333563e-05 65 219944640
6.11769239 10.16337627 -1.102834296e-05 65 320284612
6.138532627 10.06324454 -1.089046923e-05 65 422429152
6.152426145 9.974238558 -1.076382262e-05 65 520312511
6.166319678 9.874106823 -1.06216107e-05 65 621403834
6.173266505 9.773975082 -1.047418073e-05 65 721141371
6.180213332 9.673843339 -1.03276288e-05 65 821046677
6.180213467 9.562585839 -1.015985243e-05 65 920856870
6.173266896 9.45132833 -9.987153049e-06 66 20281340
6.159373605 9.351196564 -9.826694772e-06 66 120268443
6.138533607 9.251064787 -9.660441569e-06 66 219211169
6.117693621 9.139807263 -9.479192286e-06 66 319498651
6.089906941 9.01742398 -9.278899592e-06 66 422254716
6.062120233 8.917292195 -9.111202513e-06 66 522122075
6.02738683 8.806034654 -8.923873177e-06 66 621255904
5.992653413 8.705902863 -8.752694995e-06 66 720493797
5.950973312 8.583519563 -8.549222601e-06 66 820225600
5.909293197 8.472262015 -8.361023257e-06 66 919036304
5.874559788 8.361004475 -8.181820827e-06 67 19447343
5.846773085 8.249746943 -8.012055084e-06 67 121322582
5.812039685 8.127363652 -7.822802199e-06 67 222201699
5.777306259 8.027231863 -7.6652697e-06 67 321102343
5.742572856 7.904848573 -7.47993527e-06 67 421274941
5.707839427 7.804716785 -7.32588326e-06 67 520298223
5.680052717 7.693459254 -7.16555238e-06 67 623363507
5.652265994 7.593327472 -7.020646452e-06 67 720254914
5.62447927 7.493195691 -6.879083957e-06 67 823405138
5.596692544 7.393063911 -6.737370177e-06 67 921069375
5.5550124 7.292932115 -6.585206453e-06 68 22110313
5.52027895 7.203926078 -6.45368766e-06 68 120125229
5.471652105 7.092668525 -6.287551994e-06 68 223455620
5.423025246 6.992536723 -6.134654269e-06 68 319934693
5.374398396 6.881279171 -5.973014781e-06 68 419249872
5.318824835 6.770021613 -5.80773986e-06 68 520047518
5.263251271 6.658764055 -5.644347836e-06 68 622521603
5.221571113 6.558632263 -5.505672314e-06 68 721266170
5.165997534 6.458500456 -5.359588786e-06 68 821715402
5.110423952 6.35836865 -5.213790079e-06 68 920946393
5.047903657 6.258236838 -5.064644113e-06 69 20780727
4.992330071 6.158105033 -4.924359391e-06 69 120593892
4.936756471 6.069098978 -4.79542631e-06 69 220134738
4.881182881 5.968967175 -4.658908825e-06 69 320039668
4.818662566 5.879961115 -4.528221624e-06 69 422186468
4.75614225 5.790955058 -4.399269203e-06 69 519417338
4.679728518 5.690823237 -4.252124414e-06 69 621711111
4.617208197 5.60181718 -4.128395414e-06 69 721602916
4.54079446 5.501685362 -3.986464707e-06 69 820233296
4.471327422 5.4126793 -3.861268297e-06 69 920275145
4.381020256 5.312547472 -3.714522486e-06 70 19928013
4.297659798 5.21241565 -3.575329682e-06 70 119761635
4.200405903 5.12340957 -3.438902157e-06 70 219365740
4.103152014 5.023277741 -3.295462739e-06 70 321242282
4.005898121 4.923145914 -3.155501575e-06 70 421121999
3.908644225 4.823014089 -3.019308657e-06 70 523947079
3.818337028 4.734008021 -2.897667627e-06 70 623690930
3.721083124 4.633876199 -2.766684693e-06 70 720119417
3.623829209 4.54487013 -2.647197608e-06 70 819040223
3.519628584 4.444738306 -2.517347714e-06 70 922028356
3.415427948 4.355732237 -2.400154086e-06 71 22899198
3.318174014 4.277851922 -2.296505569e-06 71 122121593
3.213973371 4.188845856 -2.183214107e-06 71 220780275
3.116719425 4.122091296 -2.091199584e-06 71 319863197
3.012518775 4.033085234 -1.985008167e-06 71 421108673
2.922211549 3.94407918 -1.887841958e-06 71 520569672
2.818010886 3.866198873 -1.792994259e-06 71 622882968
2.720756934 3.788318569 -1.703965095e-06 71 718894185
2.616556264 3.710438265 -1.614909802e-06 71 821756990
2.526249009 3.654809469 -1.546282106e-06 71 921220815
2.422048329 3.58805492 -1.467557074e-06 72 20895407
2.317847646 3.521300372 -1.392312893e-06 72 119665092
2.206700241 3.465671573 -1.322598642e-06 72 223104052
2.102499544 3.421168529 -1.262805429e-06 72 319009426
1.977458705 3.365539729 -1.193188743e-06 72 422213444
1.866311285 3.332162437 -1.143280976e-06 72 519698917
1.762110582 3.287659401 -1.089274123e-06 72 619734045
1.637069736 3.232030609 -1.027619384e-06 72 720733412
1.50508217 3.187527568 -9.736759783e-07 72 821567601
1.393934748 3.131898788 -9.210404528e-07 72 919649387
1.282787322 3.087395758 -8.751202456e-07 73 24077917
1.178586606 3.054018483 -8.395668909e-07 73 120806211
1.060492461 3.009515458 -7.978254637e-07 73 222963029
0.9493450272 2.976138187 -7.644147024e-07 73 321307920
0.8381975917 2.942760917 -7.331791361e-07 73 421349744
0.7339968698 2.909383651 -7.048617101e-07 73 520325581
0.6367428605 2.887132138 -6.850271994e-07 73 620204011
0.5255954198 2.864880626 -6.65288368e-07 73 720739105
0.4144479782 2.842629116 -6.464172275e-07 73 819157099
0.2963538197 2.831503356 -6.352666932e-07 73 920339871
0.1852063764 2.809251851 -6.217600443e-07 74 22838016
0.08795236268 2.787000349 -6.082877937e-07 74 119495147
-0.01624836721 2.764748848 -5.990074141e-07 74 221879857
-0.1135023826 2.742497351 -5.903196787e-07 74 321032840
-0.2246498292 2.731371605 -5.875855824e-07 74 421054407
-0.3288505609 2.72024586 -5.880699401e-07 74 519607706
-0.4399980084 2.709120118 -5.89832196e-07 74 620004198
-0.5511454553 2.709120129 -5.987551592e-07 74 722283476
-0.669239619 2.697994393 -6.061519464e-07 74 819065946
-0.7873337815 2.69799441 -6.196919184e-07 74 921234555
-0.8984812286 2.697994428 -6.341242098e-07 75 20188181
-0.9957352448 2.697994446 -6.486011925e-07 75 120821339
-1.092989261 2.697994467 -6.648181268e-07 75 220255024
-1.190243277 2.697994488 -6.819050631e-07 75 320030047
-1.301390721 2.709120266 -7.074143566e-07 75 419027704
-1.419484881 2.720246047 -7.374011386e-07 75 519104363
-1.530632324 2.73137183 -7.669727049e-07 75 618863294
-1.655673201 2.731371869 -7.981819532e-07 75 719147708
-1.773767359 2.742497659 -8.355703727e-07 75 820866779
-1.884914801 2.753623448 -8.72692167e-07 75 920209571
-2.003008953 2.775874993 -9.176836908e-07 76 20490853
-2.114156389 2.798126539 -9.638596499e-07 76 119862998
-2.23225054 2.820378088 -1.01262593e-06 76 219385873
-2.350344689 2.842629642 -1.065164584e-06 76 322451278
-2.447598692 2.864881188 -1.112119892e-06 76 419215178
-2.544852694 2.887132734 -1.15994719e-06 76 521871555
-2.662946829 2.931635795 -1.228727063e-06 76 620682495
-2.767147537 2.9650131 -1.287481397e-06 76 720474321
-2.836614676 2.987264638 -1.329022283e-06 76 820387410
-4.219003256 12.2883926 -1.323714193e-05 88 849700779
-4.121749378 12.34402127 -1.328028195e-05 88 950210003
-4.017548791 12.41077569 -1.334369661e-05 89 52041396
-3.927241629 12.45527862 -1.337366283e-05 89 152021257
-3.829987766 12.49978154 -1.340144465e-05 89 252113541
-3.732733904 12.54428447 -1.343212238e-05 89 352496888
-3.628533342 12.5887874 -1.345974515e-05 89 450090980
-3.510439371 12.64441606 -1.350400147e-05 89 550422162
-3.39234541 12.68891898 -1.352854614e-05 89 653212892
-3.288144854 12.73342192 -1.356297341e-05 89 749972974
-3.163104195 12.77792484 -1.358924566e-05 89 852255490
-3.051956948 12.81130202 -1.360133973e-05 89 951560521
-2.919969592 12.85580494 -1.362933198e-05 90 51926903
-2.801875653 12.87805638 -1.362186122e-05 90 150114565
-2.669888306 12.91143355 -1.363275976e-05 90 251002481
-2.551794369 12.93368499 -1.362963327e-05 90 349984624
-2.419807026 12.96706218 -1.364588569e-05 90 453219866
-2.294766385 13.00043937 -1.366780361e-05 90 549451191
-2.155832348 13.02269081 -1.366492511e-05 90 652506208
-2.037738416 13.04494226 -1.367179568e-05 90 750458224
-1.898804382 13.06719371 -1.367369284e-05 90 851928876
-1.766817054 13.07831941 -1.366011735e-05 90 951530592
-1.627883025 13.08944512 -1.36458005e-05 91 49501637
-1.488948996 13.10057082 -1.363438216e-05 91 150605068
-1.350014972 13.10057079 -1.360341616e-05 91 253925762
-1.218027648 13.10057075 -1.35768114e-05 91 349975642
-1.072146922 13.10057072 -1.355076397e-05 91 452753452
-0.9401595987 13.10057069 -1.352995911e-05 91 550451793
-0.7873321732 13.08944492 -1.348696699e-05 91 651906734
-0.6483981482 13.0894449 -1.347137142e-05 91 749533681
-0.502517423 13.07831913 -1.343564273e-05 91 850846025
-0.3635833976 13.07831912 -1.342613777e-05 91 953437770
-0.2246493733 13.05606761 -1.33733434e-05 92 50169712
-0.09266204901 13.03381611 -1.332521031e-05 92 151900399
0.04627197775 13.01156461 -1.327880152e-05 92 252345677
0.1643659016 12.98931311 -1.323547714e-05 92 351115943
0.2963532299 12.95593586 -1.317303441e-05 92 451375295
0.4075004546 12.93368437 -1.313320641e-05 92 550541744
0.5325410833 12.91143288 -1.309712921e-05 92 651014604
0.650635013 12.87805565 -1.30406594e-05 92 754674801
0.7687289426 12.85580416 -1.300865843e-05 92 851297508
0.8868228731 12.83355268 -1.298014723e-05 92 953718773
1.004916807 12.80017545 -1.292977711e-05 93 49690298
1.129957446 12.75567248 -1.286248439e-05 93 151409970
1.241104685 12.7111695 -1.279259964e-05 93 251297876
1.34530522 12.67779228 -1.274705029e-05 93 350855721
1.442559058 12.63328931 -1.268082968e-05 93 449765773
1.553706305 12.57766059 -1.259680256e-05 93 552870548
1.664853558 12.51090612 -1.249339929e-05 93 652493061
1.776000806 12.46640316 -1.243543548e-05 93 752451654
1.880201363 12.3996487 -1.233612126e-05 93 852390106
1.977455215 12.34401998 -1.225721394e-05 93 950184497
2.067762372 12.27726552 -1.21557506e-05 94 51411976
2.165016228 12.22163681 -1.208222968e-05 94 149590507
2.25532339 12.15488235 -1.198600461e-05 94 249664053
2.345630558 12.07700214 -1.187011679e-05 94 350094863
2.442884427 12.01024769 -1.178013422e-05 94 449207087
2.533191596 11.94349323 -1.169104265e-05 94 551837310
2.623498773 11.86561302 -1.158011111e-05 94 651827465
2.706859243 11.79885857 -1.149234703e-05 94 750950525
2.790219722 11.72097836 -1.138347209e-05 94 849786667
2.873580204 11.64309816 -1.127809053e-05 94 949134471
2.963887391 11.56521796 -1.117792858e-05 95 53372121
3.033354464 11.4984635 -1.108889776e-05 95 149960779
3.116714953 11.4205833 -1.098963095e-05 95 253294253
3.18618203 11.35382884 -1.090511557e-05 95 351432978
3.262595827 11.26482289 -1.07860678e-05 95 451398958
3.339009612 11.19806844 -1.070720804e-05 95 550771222
3.401529991 11.13131398 -1.06241691e-05 95 649329824
3.464050379 11.05343377 -1.052118147e-05 95 749314006
3.533517474 10.97555357 -1.042443991e-05 95 849863838
3.609931275 10.89767337 -1.033451777e-05 95 952478625
3.686345086 10.80866743 -1.022668709e-05 96 53363375
3.755812187 10.73078723 -1.013533012e-05 96 150931286
3.82527929 10.65290703 -1.004528685e-05 96 252222216
3.894746404 10.56390108 -9.938644316e-06 96 350944232
3.964213512 10.48602088 -9.853407497e-06 96 450899522
4.033680631 10.39701494 -9.751282131e-06 96 549603176
4.089254333 10.31913473 -9.660119217e-06 96 650652047
4.144828055 10.21900303 -9.535322993e-06 96 751647370
4.207348465 10.14112283 -9.451714223e-06 96 852182323
4.262922182 10.05211687 -9.346140485e-06 96 951752100
4.31849591 9.951985171 -9.226155278e-06 97 50966854
4.374069641 9.851853467 -9.108212614e-06 97 150768639
4.429643354 9.773973265 -9.027828145e-06 97 250319984
4.478270373 9.684967307 -8.925485521e-06 97 349102929
4.526897393 9.595961349 -8.825764278e-06 97 451921072
4.575524426 9.495829643 -8.709736266e-06 97 553869613
4.617204743 9.40682368 -8.608290142e-06 97 651761588
4.658885073 9.306691968 -8.491265794e-06 97 751873647
4.693618697 9.206560249 -8.371790189e-06 97 851211374
4.721405616 9.106428525 -8.248546302e-06 97 950467757
4.749192537 9.006296801 -8.126323676e-06 98 49035646
4.783926165 8.906165083 -8.01136316e-06 98 150145421
4.811713098 8.79490761 -7.877929868e-06 98 253820702
4.839500022 8.694775885 -7.76167887e-06 98 349243545
4.860340239 8.594644154 -7.641225976e-06 98 451372726
4.888127176 8.483386681 -7.514054049e-06 98 551723802
4.908967384 8.394380701 -7.4119445e-06 98 651374335
4.936754312 8.294248978 -7.302536577e-06 98 751043099
4.971487938 8.205243011 -7.214805748e-06 98 853247717
4.992328138 8.127362782 -7.130022275e-06 98 949406135
5.006221653 8.027231045 -7.01453641e-06 99 52698359
5.01316846 7.927099303 -6.893097831e-06 99 151707468
5.00622185 7.826967545 -6.764703349e-06 99 251931770
5.006221948 7.726835795 -6.642114164e-06 99 350912503
5.013168745 7.637829802 -6.541491093e-06 99 449709991
5.013168843 7.537698053 -6.422389562e-06 99 552041199
5.013168942 7.437566302 -6.304165411e-06 99 653960424
5.006222332 7.337434546 -6.183621378e-06 99 749231579
4.99927571 7.248428539 -6.075600565e-06 99 849615732
4.98538239 7.148296774 -5.950994798e-06 99 949255820
4.964542359 7.048165005 -5.823918205e-06 100 49598694
4.943702328 6.948033234 -5.698007044e-06 100 150951030
4.915915608 6.825649958 -5.544872547e-06 100 251772469
4.888128865 6.725518181 -5.416635093e-06 100 352057540
4.860342121 6.625386404 -5.29072239e-06 100 450802874
4.832555376 6.525254628 -5.166115769e-06 100 551733343
4.81171534 6.425122858 -5.048335407e-06 100 649584690
4.776981882 6.324991076 -4.922999419e-06 100 749360974
4.749195133 6.224859301 -4.802601037e-06 100 849684028
4.714461683 6.113601768 -4.669536938e-06 100 951480702
4.679728211 6.024595736 -4.558315581e-06 101 50521838
4.644994748 5.924463955 -4.440818997e-06 101 150744305
4.603314573 5.824332166 -4.318525727e-06 101 254374674
4.561634385 5.735326129 -4.207148664e-06 101 349745669
4.519954207 5.635194343 -4.088915151e-06 101 453078411
4.478274016 5.546188306 -3.980876987e-06 101 551955281
4.436593825 5.45718227 -3.876032694e-06 101 651865022
4.38796692 5.368176228 -3.764493985e-06 101 751113895
4.332393311 5.26804443 -3.644499402e-06 101 850681918
4.276819699 5.167912634 -3.525369635e-06 101 950670099
4.235139492 5.09003235 -3.435067442e-06 102 49550387
4.18651258 5.001026309 -3.332382771e-06 102 149971219
4.14483237 4.923146026 -3.244252717e-06 102 249418039
4.089258751 4.823014231 -3.132228617e-06 102 349529222
4.040631825 4.745133942 -3.043361971e-06 102 449658792
3.985058202 4.645002149 -2.933797048e-06 102 553849374
3.936431264 4.578247611 -2.855994599e-06 102 649208837
3.880857621 4.50036732 -2.76536039e-06 102 749808113
3.818337262 4.422487022 -2.673850192e-06 102 849463591
3.75581691 4.333480976 -2.576348486e-06 102 950308445
3.693296548 4.25560068 -2.487877527e-06 103 52549562
3.637722897 4.177720391 -2.402750819e-06 103 151679196
3.55436239 4.099840084 -2.30624647e-06 103 250592338
3.471001881 4.021959776 -2.210174762e-06 103 351460510
3.387641369 3.944079469 -2.117584334e-06 103 449270647
3.304280848 3.877324916 -2.032129743e-06 103 550652431
3.213973624 3.788318857 -1.932946502e-06 103 653093189
3.137559812 3.72156431 -1.8569354e-06 103 748902723
3.047252569 3.654809755 -1.773631197e-06 103 852866064
2.963892032 3.599180958 -1.70256309e-06 103 951847214
2.8805315 3.532426409 -1.627395217e-06 104 51440174
2.797170958 3.476797613 -1.559515365e-06 104 150952230
2.713810422 3.410043069 -1.487527503e-06 104 249804940
2.637396591 3.354414279 -1.426187369e-06 104 348760836
2.554036045 3.298785485 -1.362941618e-06 104 453478566
2.470675496 3.243156695 -1.302301495e-06 104 552429645
2.387314946 3.187527906 -1.242237039e-06 104 652100494
2.310901109 3.131899122 -1.186829113e-06 104 749091836
2.23448727 3.076270338 -1.132725898e-06 104 849854285
2.151126714 3.020641551 -1.075987476e-06 104 952011820
2.074712867 2.976138521 -1.030623085e-06 105 49621844
1.984405589 2.931635485 -9.818811242e-07 105 149752065
1.894098309 2.88713245 -9.34005397e-07 105 253501156
1.803791027 2.842629419 -8.874272084e-07 105 349550865
1.720430456 2.809252139 -8.507834168e-07 105 452265742
1.630123167 2.77587486 -8.117876076e-07 105 551268305
1.532869166 2.731371831 -7.674969849e-07 105 651490867
1.435615163 2.686868802 -7.265483639e-07 105 751232954
1.33141444 2.653491524 -6.902566465e-07 105 849814369
1.227213716 2.620114247 -6.548316798e-07 105 949405960
1.123012992 2.575611224 -6.184888546e-07 106 53053459
1.025758983 2.531108205 -5.840458581e-07 106 151551286
0.9215582536 2.497730934 -5.545587813e-07 106 251871557
0.8312509565 2.453227919 -5.249198283e-07 106 351487731
0.7339969389 2.430976404 -5.053630374e-07 106 451654656
0.6367429218 2.397599142 -4.815410746e-07 106 549967815
0.5394889022 2.37534763 -4.654596903e-07 106 653713614
0.4422348808 2.364221871 -4.530456741e-07 106 749489024
0.3519275757 2.341970365 -4.397355087e-07 106 851802692
0.2616202697 2.319718859 -4.270034577e-07 106 951528743
0.164366247 2.297467355 -4.143872003e-07 107 52141915
0.07405893949 2.275215854 -4.051312674e-07 107 150551295
-0.009301652771 2.264090104 -4.016063289e-07 107 249340098
-0.1204491096 2.252964354 -3.982754107e-07 107 350935476
-0.2315965669 2.241838609 -3.971145937e-07 107 454437335
-0.3357973086 2.230712864 -3.985938235e-07 107 549381361
-0.4399980498 2.230712871 -4.046159363e-07 107 650202851
-0.544198791 2.230712882 -4.129579907e-07 107 751480666
-0.6414528162 2.230712893 -4.219038956e-07 107 852037193
-0.7387068397 2.241838657 -4.353953005e-07 107 950378653
-0.8359608646 2.241838672 -4.475316528e-07 108 50295745
-0.9262681714 2.252964437 -4.645356715e-07 108 149152154
-1.023522194 2.264090207 -4.833981642e-07 108 253841454
-1.120776216 2.275215977 -5.031316415e-07 108 351861732
-1.238870386 2.286341753 -5.297623811e-07 108 452631187
-1.350017836 2.308593282 -5.596579695e-07 108 548611798
-1.468112004 2.319719064 -5.904929605e-07 108 651396319
-1.579259452 2.341970597 -6.24891286e-07 108 750653962
-1.704300332 2.364222137 -6.64754964e-07 108 849908156
-1.82239449 2.397599429 -7.099243686e-07 108 950041460
-1.940488643 2.442102471 -7.618352462e-07 109 49268146
-2.051636082 2.475479765 -8.095043373e-07 109 149105271
-2.155836799 2.519982807 -8.611800775e-07 109 252888450
-2.260037515 2.564485852 -9.146001188e-07 109 350903140
-2.357291508 2.620114646 -9.717383962e-07 109 451485462
-2.454545498 2.675743442 -1.032220363e-06 109 550928945
-2.551799487 2.73137224 -1.092848662e-06 109 650180830
-2.649053474 2.787001039 -1.156969334e-06 109 748954618
-2.746307458 2.84262984 -1.222835015e-06 109 849681867
-2.84356144 2.898258642 -1.291323082e-06 109 948837776
-2.954708844 2.965013205 -1.37158002e-06 110 51121255
-3.051962822 3.020642012 -1.442830287e-06 110 150892409
-3.15616352 3.065145076 -1.515298951e-06 110 251447183
-3.246470778 3.120773882 -1.588327311e-06 110 350061887
-3.336778042 3.165276941 -1.656206608e-06 110 448708635
-3.427085297 3.22090575 -1.731125129e-06 110 549727884
-3.51739255 3.276534562 -1.809535665e-06 110 651670095
-3.600753087 3.332163369 -1.885361209e-06 110 749655924
-3.691060336 3.387792184 -1.966100882e-06 110 852436792
-3.767474154 3.443420989 -2.040215206e-06 110 950992537
-3.864728114 3.499049812 -2.128632692e-06 111 51319238
-3.955035349 3.565804381 -2.220343066e-06 111 150545238
-4.031449161 3.621433191 -2.29925918e-06 111 248892957
-4.121756392 3.688187763 -2.394608523e-06 111 349096300
-4.212063619 3.754942337 -2.492722131e-06 111 453114908
-4.288477427 3.810571151 -2.576878934e-06 111 548890189
-4.392678078 3.877325739 -2.687294303e-06 111 651463667
-4.476038585 3.94408031 -2.787048656e-06 111 751705523
-4.580239221 4.021960653 -2.908726408e-06 111 851470874
-4.670546427 4.099840986 -3.024654828e-06 111 951272984
-4.767800343 4.177721324 -3.145650856e-06 112 50207350
-4.85116083 4.255601653 -3.262056008e-06 112 149165978
-4.941468017 4.34460774 -3.390713414e-06 112 251751599
-5.024828487 4.433613821 -3.516792456e-06 112 348742528
-5.115135656 4.53374566 -3.658323451e-06 112 452640390
-5.177655982 4.622751723 -3.772582985e-06 112 551047079
-5.240176306 4.711757786 -3.888156377e-06 112 651458544
-5.302696627 4.800763851 -4.007512281e-06 112 750650988
-5.365216946 4.889769916 -4.126873371e-06 112 848460036
-5.427737252 4.989901733 -4.257211506e-06 112 949108020
-5.490257566 5.078907799 -4.380070621e-06 113 52338452
-5.545831167 5.167913859 -4.500346703e-06 113 150638385
-5.601404765 5.25691992 -4.621207379e-06 113 252119396
-5.650031662 5.334800223 -4.729090846e-06 113 350565870
-5.712551969 5.423806292 -4.859962556e-06 113 451162300
-5.761178863 5.501686598 -4.970173798e-06 113 549656498
-5.802859056 5.568441145 -5.065665231e-06 113 648656520
-5.851485948 5.64632145 -5.179667734e-06 113 753527616
-5.893166139 5.713075997 -5.276763456e-06 113 850916418
-5.941793014 5.802082054 -5.401457057e-06 113 952619667
-5.976526492 5.868836594 -5.495388128e-06 114 51825626
-6.011259968 5.935591135 -5.58961137e-06 114 150089608
-6.052940129 6.024597184 -5.711143927e-06 114 251086324
-6.087673577 6.113603226 -5.829947372e-06 114 349651791
-6.122407023 6.202609267 -5.949192377e-06 114 448723377
-6.157140469 6.29161531 -6.070470234e-06 114 549990888
-6.191873913 6.380621351 -6.192628343e-06 114 649094127
-6.219660646 6.469627385 -6.308419588e-06 114 750172857
-6.247447392 6.547507669 -6.414976986e-06 114 851415350
-6.275234122 6.636513703 -6.535278701e-06 114 951599209
-6.289127433 6.725519721 -6.641971575e-06 115 50187383
-6.303020742 6.814525737 -6.74983298e-06 115 150837766
-6.303020632 6.903531736 -6.8459719e-06 115 248417730
-6.303020508 7.003663487 -6.954834578e-06 115 348435283
-6.303020356 7.126046737 -7.090170863e-06 115 452632726
-6.303020218 7.237304237 -7.216270709e-06 115 550945950
-6.303020067 7.359687486 -7.356261695e-06 115 649484746
-6.29607322 7.470944978 -7.478315899e-06 115 751069053
-6.296073082 7.582202479 -7.609650073e-06 115 848525164
-6.296072931 7.704585728 -7.756622709e-06 115 950127688
-6.296072903 7.726837228 -7.782657549e-06 116 52674704
-5.719493214 10.28575905 -1.085621015e-05 118 509163330
-5.643079347 10.38589072 -1.095155792e-05 118 612014780
-5.566665471 10.49714813 -1.106558188e-05 118 711922526
-5.490251611 10.5972798 -1.116658098e-05 118 810817077
-5.399944344 10.69741146 -1.125756473e-05 118 913366539
-5.330477205 10.78641738 -1.134784185e-05 119 9254118
-5.247116661 10.8754233 -1.143028989e-05 119 113021480
-5.170702823 10.96442922 -1.152085528e-05 119 208923186
-5.08039558 11.05343513 -1.160139642e-05 119 308862865
-4.990088341 11.14244104 -1.168542479e-05 119 408961660
-4.8928344 11.23144695 -1.176683043e-05 119 509924322
-4.78863377 11.3093271 -1.182577323e-05 119 610612782
-4.69832654 11.39833301 -1.191746729e-05 119 710644588
-4.60107261 11.48733892 -1.200640389e-05 119 809787808
-4.503818692 11.56521909 -1.207765851e-05 119 912130838
-4.406564778 11.64309925 -1.215123342e-05 120 11124416
-4.295417452 11.73210516 -1.223927043e-05 120 112089119
-4.19121685 11.79885957 -1.22931282e-05 120 210105864
-4.093962954 11.86561399 -1.23530767e-05 120 310151512
-3.975868935 11.9546199 -1.244529763e-05 120 410763386
-3.864721631 12.03250007 -1.252434468e-05 120 510922353
-3.75357433 12.11038023 -1.260556232e-05 120 610849053
-3.635480331 12.1882604 -1.268487485e-05 120 709641355
-3.517386334 12.26614057 -1.276839484e-05 120 811748474
-3.406239052 12.33289499 -1.283714684e-05 120 911743310
-3.295091772 12.39964942 -1.290894057e-05 121 10205280
-3.183944502 12.4552781 -1.296030167e-05 121 110186064
-3.065850533 12.51090678 -1.301223496e-05 121 211236398
-2.933863162 12.56653545 -1.305906433e-05 121 309486913
-2.808822496 12.62216413 -1.311402389e-05 121 409309505
-2.669888434 12.66666705 -1.314186411e-05 121 509610202
-2.544847779 12.71116999 -1.317884984e-05 121 611622549
-2.41286043 12.74454718 -1.319482585e-05 121 709191558
-2.287819779 12.78905012 -1.323789898e-05 121 808991418
-2.155832433 12.82242731 -1.325908611e-05 121 910434682
-2.023845089 12.85580451 -1.32825891e-05 122 11215944
-1.90575115 12.88918171 -1.33146678e-05 122 110924590
-1.780710515 12.91143317 -1.332312368e-05 122 211582510
-1.65566988 12.93368462 -1.333476692e-05 122 308909105
-1.530629244 12.96706184 -1.337102595e-05 122 408811188
-1.405588612 12.9893133 -1.338788325e-05 122 509317080
-1.280547979 13.02269052 -1.342979374e-05 122 610678406
-1.169400755 13.03381624 -1.343162083e-05 122 710148415
-1.044360124 13.06719346 -1.347714629e-05 122 811265647
-0.9332128995 13.08944494 -1.350663378e-05 122 909358637
-0.8081722734 13.11169642 -1.353522624e-05 123 8950454
-0.6900783496 13.1339479 -1.356614012e-05 123 109028331
-0.565037727 13.14507364 -1.357764657e-05 123 211708608
-0.4538905071 13.15619938 -1.359266207e-05 123 310952244
-0.3288498855 13.16732512 -1.360691725e-05 123 410899190
-0.2177026667 13.17845086 -1.36258416e-05 123 510861146
-0.1065554486 13.17845086 -1.362275637e-05 123 613135950
-0.009301632813 13.17845086 -1.362201425e-05 123 709295400
0.09489888435 13.16732511 -1.359896317e-05 123 812454985
0.1921527008 13.15619936 -1.3579412e-05 123 908900416
0.2963532189 13.14507362 -1.35591143e-05 124 12307830
0.4005537374 13.13394787 -1.354143501e-05 124 109137821
0.5117009587 13.11169638 -1.350464751e-05 124 211039084
0.6089547785 13.08944489 -1.346758752e-05 124 310195324
0.7131553003 13.06719341 -1.34313883e-05 124 409548170
0.8173558232 13.04494192 -1.339954856e-05 124 509958172
0.9285030482 13.02269044 -1.33688525e-05 124 612279297
1.032703575 12.98931321 -1.331646459e-05 124 709344247
1.129957402 12.95593598 -1.326597945e-05 124 812035159
1.22721123 12.92255875 -1.321461995e-05 124 910784216
1.324465062 12.87805578 -1.314489848e-05 125 10888793
1.442559004 12.82242706 -1.305851785e-05 125 110951174
1.560652946 12.77792409 -1.299675308e-05 125 209159959
1.657906787 12.72229537 -1.290910571e-05 125 311648861
1.755160631 12.66666665 -1.28252481e-05 125 409619257
1.859361179 12.61103794 -1.274485833e-05 125 509040530
1.963561733 12.54428348 -1.264364363e-05 125 611817137
2.053868881 12.48865477 -1.25630013e-05 125 710848963
2.151122739 12.42190031 -1.246398638e-05 125 811143691
2.241429891 12.36627159 -1.238727268e-05 125 910852346
2.324790349 12.29951713 -1.228829399e-05 126 10270211
2.408150808 12.23276267 -1.219091917e-05 126 109874402
2.491511275 12.15488246 -1.207359191e-05 126 212038858
2.567925037 12.088128 -1.197754461e-05 126 308908786
2.651285509 12.01024779 -1.186341871e-05 126 411431012
2.727699281 11.93236758 -1.174917249e-05 126 511434743
2.811059758 11.85448737 -1.163985444e-05 126 612929791
2.887473534 11.77660717 -1.15292482e-05 126 710205102
2.970834023 11.68760121 -1.140464156e-05 126 810412836
3.047247804 11.60972101 -1.129781699e-05 126 908958507
3.130608298 11.52071506 -1.11758334e-05 127 9155832
3.220915499 11.43170911 -1.106125677e-05 127 109383251
3.304275999 11.34270317 -1.094524329e-05 127 208608515
3.387636494 11.26482297 -1.085092966e-05 127 310761675
3.457103592 11.17581702 -1.073131854e-05 127 410664225
3.519623973 11.10906256 -1.064842521e-05 127 510177597
3.582144364 11.03118235 -1.054762118e-05 127 608681744
3.658558164 10.95330216 -1.045769882e-05 127 709233521
3.734971976 10.86429621 -1.03489908e-05 127 813105859
3.811385781 10.78641602 -1.026139988e-05 127 911925378
3.880852885 10.70853582 -1.017193682e-05 128 11919658
3.943373285 10.63065562 -1.007944089e-05 128 111160176
4.012840402 10.54164967 -9.975272626e-06 128 209776926
4.08230752 10.45264373 -9.872998779e-06 128 308943961
4.144827946 10.35251203 -9.749638927e-06 128 409417308
4.214295079 10.25238033 -9.632811376e-06 128 509150289
4.269868804 10.15224863 -9.50991138e-06 128 611909713
4.318495825 10.05211692 -9.3835381e-06 128 710659607
4.367122859 9.940859461 -9.243920904e-06 128 810741464
4.415749885 9.840727753 -9.12046429e-06 128 910621210
4.457430197 9.751721789 -9.01246148e-06 129 9593084
4.506057226 9.651590081 -8.894686732e-06 129 109935786
4.547737531 9.573709869 -8.806192208e-06 129 208672094
4.589417858 9.473578155 -8.686841424e-06 129 308666439
4.631098176 9.384572192 -8.584667616e-06 129 411490246
4.672778496 9.295566231 -8.484965914e-06 129 510611861
4.70751211 9.206560262 -8.381942559e-06 129 608776064
4.742245726 9.117554294 -8.279063371e-06 129 710562279
4.776979353 9.017422577 -8.16264336e-06 129 810430931
4.818659679 8.928416616 -8.069646894e-06 129 909071279
4.860340005 8.839410656 -7.976505194e-06 130 12041015
4.895073626 8.750404689 -7.880471644e-06 130 108991397
4.929807238 8.672524472 -7.800891235e-06 130 211380478
4.964540861 8.583518505 -7.707190613e-06 130 310192880
5.006221193 8.494512546 -7.619876343e-06 130 411490185
5.047901526 8.405506587 -7.535621554e-06 130 510752913
5.075688446 8.316500614 -7.439613436e-06 130 609981545
5.103475377 8.216368892 -7.332102967e-06 130 709466759
5.117368894 8.116237156 -7.214584355e-06 130 813805590
5.124315703 8.016105413 -7.093150682e-06 130 908584648
5.131262523 7.90484792 -6.960071839e-06 131 11728969
5.138209333 7.804716177 -6.842565512e-06 131 110052873
5.152102862 7.693458691 -6.718201482e-06 131 210785825
5.159049672 7.593326948 -6.603462853e-06 131 310434874
5.165996494 7.482069455 -6.478967892e-06 131 411632520
5.165996596 7.381937705 -6.361330858e-06 131 509456524
5.172943418 7.270680213 -6.239015605e-06 131 608532635
5.179890229 7.170548469 -6.131261368e-06 131 708677801
5.179890331 7.070416719 -6.019588354e-06 131 811071287
5.179890444 6.959159219 -5.898158439e-06 131 911724741
5.165997127 6.859027455 -5.776466565e-06 132 11979954
5.145157121 6.736644185 -5.629591436e-06 132 112940878
5.124317104 6.625386664 -5.49698452e-06 132 208657319
5.096530386 6.503003386 -5.347930844e-06 132 310128937
5.068743645 6.402871607 -5.223921041e-06 132 412648903
5.040956914 6.291614081 -5.09247098e-06 132 511841666
5.01317017 6.191482304 -4.972961848e-06 132 610258829
4.985383436 6.080224776 -4.842673546e-06 132 711553297
4.95064998 5.980092993 -4.722433465e-06 132 808865293
4.908969832 5.857709703 -4.576422917e-06 132 910467666
4.881183073 5.768703676 -4.473932514e-06 133 10317840
4.839502901 5.668571886 -4.352814616e-06 133 109039480
4.811716139 5.57956586 -4.252497542e-06 133 208523000
4.790876099 5.47943409 -4.15026978e-06 133 308827225
4.770036048 5.390428072 -4.059397781e-06 133 411671513
4.742249273 5.312547796 -3.972469417e-06 133 510098112
4.707515796 5.223541764 -3.872873e-06 133 610806678
4.665835606 5.134535726 -3.769928004e-06 133 709808058
4.624155414 5.045529688 -3.668868212e-06 133 809093946
4.575528509 4.956523644 -3.56489738e-06 133 908955541
4.533848324 4.856391857 -3.45697747e-06 134 12443154
4.485221405 4.778511564 -3.364067792e-06 134 108770709
4.429647782 4.689505516 -3.259786653e-06 134 210844868
4.374074156 4.600499469 -3.15651958e-06 134 311000768
4.311553816 4.511493415 -3.049610196e-06 134 410331302
4.249033464 4.433613114 -2.953907325e-06 134 510363409
4.193459833 4.344607069 -2.856292124e-06 134 609532228
4.137886182 4.277852523 -2.774709593e-06 134 708415934
4.075365834 4.188846473 -2.674316983e-06 134 808384895
4.019792188 4.110966179 -2.589068501e-06 134 908350425
3.971165254 4.033085892 -2.50890522e-06 135 10483885
3.929485033 3.955205609 -2.435002656e-06 135 110945395
3.873911365 3.899576816 -2.366214148e-06 135 209526638
3.811390999 3.821696521 -2.281660844e-06 135 309552204
3.741923918 3.743816219 -2.193172828e-06 135 407942144
3.66551012 3.665935914 -2.103507975e-06 135 508648555
3.596043033 3.588055614 -2.020385605e-06 135 612113545
3.526575937 3.521301066 -1.944986318e-06 135 708849522
3.457108847 3.443420769 -1.864612882e-06 135 810852287
3.394588462 3.376666227 -1.794734628e-06 135 910517944
3.325121368 3.298785931 -1.717839049e-06 136 10082404
3.248707557 3.220905634 -1.638159131e-06 136 110029557
3.179240451 3.154151091 -1.570723092e-06 136 208372979
3.102826635 3.076270794 -1.495248749e-06 136 311691404
3.026412811 3.009516247 -1.426190891e-06 136 411640781
2.943052263 2.953887449 -1.361499242e-06 136 508716475
2.852745004 2.887132898 -1.29021734e-06 136 611334565
2.776331168 2.831504105 -1.231196943e-06 136 709883073
2.686023899 2.775875307 -1.168068473e-06 136 810334871
2.609610058 2.720246518 -1.112229732e-06 136 908372739
2.519302786 2.664617724 -1.054029569e-06 137 8947855
2.428995511 2.60898893 -9.953860396e-07 137 111381212
2.338688234 2.553360138 -9.381877943e-07 137 211833796
2.262274382 2.508857103 -8.929667445e-07 137 311007346
2.178913812 2.464354069 -8.47429438e-07 137 408252534
2.088606526 2.41985103 -7.99255484e-07 137 509242204
1.991352526 2.364222241 -7.479730202e-07 137 610459976
1.89409852 2.319719205 -7.025260405e-07 137 710044542
1.789897796 2.275216168 -6.554526566e-07 137 813042949
1.692643783 2.241838885 -6.171477169e-07 137 908329234
1.595389772 2.197335854 -5.767676079e-07 138 10588617
1.49118904 2.163958572 -5.409006951e-07 138 111102488
1.380041593 2.119455541 -5.00464453e-07 138 211007313
1.268894142 2.086078262 -4.665960507e-07 138 309945067
1.164693406 2.052700988 -4.368085491e-07 138 409958706
1.053545949 2.030449464 -4.094995089e-07 138 509510122
0.9493452078 2.008197943 -3.858413788e-07 138 610394456
0.8312510329 1.985946423 -3.624217926e-07 138 709070095
0.713156857 1.963694905 -3.410297084e-07 138 811428019
0.6020093965 1.941443391 -3.238685972e-07 138 910294350
0.490861935 1.91919188 -3.07277773e-07 139 8283717
0.3658210403 1.88581462 -2.884149569e-07 139 109355836
0.2477268595 1.874688862 -2.796801818e-07 139 209831624
0.1226859618 1.852437357 -2.69999341e-07 139 309317199
0.004591779679 1.841311606 -2.657526856e-07 139 408087354
-0.1204491196 1.830185858 -2.632196376e-07 139 511256457
-0.2385433028 1.819060112 -2.633204215e-07 139 608296254
-0.3635842024 1.81906012 -2.692469859e-07 139 710905549
-0.4955718175 1.83018588 -2.812912702e-07 139 809253077
-0.6275594334 1.830185895 -2.929932278e-07 139 910582309
-0.7456536161 1.830185911 -3.056154741e-07 140 9132641
-0.8776412301 1.841311682 -3.260722726e-07 140 109384657
-0.9957354103 1.852437453 -3.462906094e-07 140 208206952
-1.134669742 1.852437483 -3.698586359e-07 140 308261971
-1.273604071 1.863563266 -3.988449362e-07 140 411459418
-1.39169825 1.874689046 -4.260264166e-07 140 508175539
-1.516739142 1.896940582 -4.619422954e-07 140 610116377
-1.641780036 1.908066371 -4.953331637e-07 140 710150198
-1.766820922 1.941443662 -5.395817441e-07 140 809147449
-1.89186181 1.963695207 -5.814465981e-07 140 908198393
-2.016902693 1.997072505 -6.307735179e-07 141 8202756
-2.134996857 2.030449803 -6.792588453e-07 141 110199066
-2.260037737 2.063827107 -7.329433571e-07 141 211387798
-2.378131893 2.10833016 -7.909274353e-07 141 310229708
-2.503172764 2.15283322 -8.525135347e-07 141 410825335
-2.607373484 2.197336272 -9.099754807e-07 141 510102016
-2.718520918 2.24183933 -9.70897875e-07 141 609105622
-2.822721635 2.286342385 -1.032725921e-06 141 711911141
-2.913028917 2.330845437 -1.089378042e-06 141 811142543
-3.017229617 2.397599997 -1.162076424e-06 141 911018973
-3.114483605 2.453228805 -1.229807884e-06 142 8901811
-3.218684299 2.519983369 -1.308325755e-06 142 109774854
-3.322884991 2.586737935 -1.386991416e-06 142 209786739
-3.420138972 2.64236675 -1.461996628e-06 142 309215308
-3.524339666 2.69799557 -1.542933125e-06 142 408271399
-3.628540358 2.753624393 -1.624596312e-06 142 508887212
-3.72579434 2.798127464 -1.700268534e-06 142 608052128
-3.829995028 2.85375629 -1.785570439e-06 142 709948349
-3.920302292 2.898259358 -1.860990464e-06 142 810090688
-4.003662839 2.942762423 -1.932368457e-06 142 909999171
-4.100916796 3.009517 -2.025183615e-06 143 9398108
-4.191224046 3.065145824 -2.11011651e-06 143 112548116
-4.274584578 3.120774642 -2.193052486e-06 143 210144904
-4.357945099 3.187529212 -2.282304397e-06 143 308080899
-4.434358894 3.265409528 -2.374272819e-06 143 410793641
-4.503825982 3.332164089 -2.457783404e-06 143 508209640
-4.573293067 3.398918651 -2.541729597e-06 143 610042752
-4.642760151 3.465673213 -2.627717465e-06 143 709244125
-4.705280519 3.53242777 -2.71053935e-06 143 808797881
-4.760854171 3.599182322 -2.788454641e-06 143 909679098
-4.809481118 3.654811116 -2.8564574e-06 144 8755220
-4.872001471 3.732691426 -2.949530286e-06 144 108572404
-4.927575107 3.81057173 -3.037696544e-06 144 211321358
-4.983148743 3.888452033 -3.127614184e-06 144 308141667
-5.038722365 3.977458087 -3.226617047e-06 144 407963648
-5.087349272 4.066464135 -3.320422537e-06 144 510032500
-5.14292289 4.155470191 -3.423501648e-06 144 609682391
-5.198496496 4.255601996 -3.534946105e-06 144 709541381
-5.25407011 4.344608053 -3.639923388e-06 144 808183668
-5.309643711 4.44473986 -3.753846572e-06 144 908943116
-5.365217322 4.533745918 -3.863339373e-06 145 10222881
-5.420790919 4.633877727 -3.982648632e-06 145 107825703
-5.476364501 4.745135285 -4.112503896e-06 145 209481368
-5.538884806 4.845267103 -4.241385648e-06 145 311255004
-5.580564971 4.945398898 -4.354086109e-06 145 408367738
-5.622245123 5.056656443 -4.477183351e-06 145 508867360
-5.65697856 5.167913982 -4.598135376e-06 145 612338770
-5.684765284 5.279171512 -4.713015116e-06 145 708492066
-5.72644543 5.390429058 -4.844414962e-06 145 810781434
-5.768125562 5.512812355 -4.986792755e-06 145 910165867
-5.802858993 5.624069894 -5.115031777e-06 146 7974875
-5.823698987 5.746453168 -5.242242259e-06 146 110149946
-5.858432403 5.868836457 -5.386265432e-06 146 208882446
-5.893165817 5.991219748 -5.531742551e-06 146 310033390
-5.927899216 6.124728787 -5.690532827e-06 146 411613247
-5.962632652 6.224860578 -5.819586047e-06 146 509974135
-5.99041935 6.347243859 -5.966564934e-06 146 610596203
-6.01125935 6.458501384 -6.098373622e-06 146 709603497
-6.032099349 6.569758909 -6.231203135e-06 146 808043351
-6.059886031 6.703267942 -6.396437632e-06 146 909797422
-6.087672738 6.814525475 -6.541316293e-06 147 8316994
-6.10851272 6.93690875 -6.692549359e-06 147 109059232
-6.122405992 7.059292016 -6.84061787e-06 147 211991507
-6.129352568 7.170549525 -6.971333019e-06 147 310783617
-6.150192548 7.2929328 -7.130282657e-06 147 411221023
-6.171032554 7.393064575 -7.265818464e-06 147 510881553
-6.191872545 7.5043221 -7.415536775e-06 147 609972594
-6.205765841 7.604453868 -7.547610503e-06 147 709865697
-6.2127124 7.726837125 -7.700951808e-06 147 809004276
-6.212712264 7.838094626 -7.837955042e-06 147 908496592
-6.212712129 7.949352126 -7.974958276e-06 148 7815058
-6.205765271 8.071735368 -8.123403259e-06 148 111223338
-6.205765149 8.171867116 -8.250448914e-06 148 208031811
-6.198818305 8.283124609 -8.387329535e-06 148 308923456
-6.184924754 8.394382092 -8.519290817e-06 148 410303921
-6.171031218 8.494513826 -8.638378885e-06 148 509061729
-6.157137654 8.61689706 -8.788733749e-06 148 609742025
-6.143244092 8.739280293 -8.942581752e-06 148 707718894
-6.122403823 8.861663518 -9.091649344e-06 148 811564496
-6.101563568 8.972920992 -9.22726315e-06 148 911068141
-6.073776595 9.09530421 -9.373145186e-06 149 11311115
-6.045989636 9.206561677 -9.508338969e-06 149 109904512
-6.011255972 9.317819136 -9.635113556e-06 149 209891285
-5.969575616 9.417950838 -9.744523125e-06 149 309165189
-5.920948555 9.518082531 -9.847407902e-06 149 407959485
-5.872321497 9.618214225 -9.953046785e-06 149 507570923
-5.830641133 9.729471677 -1.008389478e-05 149 607862860
-5.77506736 9.840729114 -1.020415579e-05 149 709926565
-5.733387026 9.929735067 -1.030460071e-05 149 809449766
-5.684759963 10.04099251 -1.04357388e-05 149 909166916
-5.636132901 10.15224996 -1.056832922e-05 150 9907405
-5.587505867 10.24125591 -1.066862635e-05 150 109754628
-5.531932105 10.35251335 -1.079991087e-05 150 209078457
-5.483305062 10.45264504 -1.092135806e-05 150 308306561
-5.434678021 10.55277674 -1.104512808e-05 150 408770988
-5.372157573 10.65290843 -1.115844693e-05 150 507738326
-5.309637127 10.75304011 -1.127510597e-05 150 610111675
-5.247116707 10.8309203 -1.135467847e-05 150 708901045
-5.170702857 10.93105197 -1.146334672e-05 150 812098327
-5.101235726 11.0200579 -1.156000145e-05 150 907559889
-5.017875178 11.12018957 -1.166749866e-05 151 8751076
-4.941461338 11.22032124 -1.178384927e-05 151 108240143
-4.8650475 11.32045292 -1.190324138e-05 151 210908789
-4.788633676 11.40945885 -1.200408839e-05 151 308199311
-4.705273141 11.50959052 -1.212230787e-05 151 409870011
-4.621912629 11.58747069 -1.220213666e-05 151 511815154
-4.53855212 11.66535087 -1.228442806e-05 151 608984693
-4.44824491 11.74323104 -1.236482519e-05 151 708202164
-4.364884406 11.82111122 -1.244957289e-05 151 807852441
-4.274577202 11.89899139 -1.253431448e-05 151 907715234
-4.184269982 11.99912307 -1.26625139e-05 152 10974162
-4.100909487 12.07700325 -1.275536932e-05 152 109828511
-4.017548993 12.15488343 -1.285040474e-05 152 209866656
-3.920295098 12.23276361 -1.293932719e-05 152 308989084
-3.829987908 12.31064379 -1.303376125e-05 152 409861986
-3.746627431 12.37739823 -1.311299643e-05 152 507843371
-3.656320254 12.44415266 -1.319120594e-05 152 607841745
-3.559066385 12.49978135 -1.324506151e-05 152 710300159
-3.454865817 12.55541002 -1.32976012e-05 152 811939497
-3.35761196 12.59991296 -1.333290855e-05 152 907629913
-3.253411395 12.65554164 -1.339022677e-05 153 10365126
-3.142264131 12.71117032 -1.344448087e-05 153 112712672
-3.051956982 12.75567327 -1.349096078e-05 153 209757947
-2.954703132 12.80017621 -1.353393926e-05 153 308693101
-2.864395985 12.84467916 -1.35820028e-05 153 408201031
-2.760195437 12.8891821 -1.362656138e-05 153 507937586
-2.662941599 12.9225593 -1.365186339e-05 153 611394918
-2.565687761 12.9559365 -1.368093969e-05 153 709584308
-2.461487218 13.00043945 -1.373012659e-05 153 809770187
-2.357286682 13.03381665 -1.375918511e-05 153 909869748
-2.246139441 13.0783196 -1.381053131e-05 154 9756036
-2.134992207 13.1116968 -1.384073132e-05 154 108248149
-2.023844974 13.14507401 -1.387266046e-05 154 211535488
-1.926591149 13.16732547 -1.38888374e-05 154 308359175
-1.822390624 13.18957693 -1.390442071e-05 154 410326028
-1.711243399 13.2118284 -1.391853281e-05 154 509475924
-1.600096174 13.23407986 -1.39377286e-05 154 610047546
-1.495895655 13.24520558 -1.393476959e-05 154 708380851
-1.398641837 13.2563313 -1.393631995e-05 154 808848471
-1.308334724 13.25633128 -1.391731647e-05 154 908602705
-1.197187505 13.267457 -1.391811292e-05 155 11610297
-1.099933691 13.26745698 -1.390083707e-05 155 107810536
-1.002679877 13.26745696 -1.38850112e-05 155 210662638
-0.9123727658 13.25633119 -1.384849325e-05 155 309188168
-0.815118955 13.23407967 -1.378908235e-05 155 409381830
-0.7248118461 13.20070241 -1.370869218e-05 155 509642896
-0.6275580334 13.1784509 -1.365291437e-05 155 609064243
-0.5303042211 13.14507364 -1.357439927e-05 155 708140530
-0.4399971077 13.12282213 -1.352255603e-05 155 807475898
-0.3496899951 13.07831912 -1.342524527e-05 155 907720203
-0.2732762835 13.03381611 -1.333042915e-05 156 10379317
-0.1968625707 12.98931311 -1.323633749e-05 156 109071063
-0.1204488567 12.93368436 -1.312155655e-05 156 207712509
-0.03708843961 12.86692985 -1.298476088e-05 156 309584761
0.05321868155 12.77792385 -1.280642826e-05 156 408772213
0.1226857002 12.7000436 -1.265129295e-05 156 507346024
0.1990994233 12.61103761 -1.247749209e-05 156 607706322
0.2755131491 12.52203161 -1.230369755e-05 156 708386533
0.3449801777 12.39964836 -1.206871841e-05 156 809149844
0.4075005081 12.26613937 -1.181349744e-05 156 907433135
0.4630741403 12.12150462 -1.154051037e-05 157 9598613
0.504754369 11.98799562 -1.12912914e-05 157 110634960
0.546434601 11.84336088 -1.102444466e-05 157 207240969
0.5881148355 11.69872613 -1.076138087e-05 157 307576781
0.6367417756 11.55409138 -1.050297108e-05 157 411240250
0.67147531 11.42058239 -1.026497788e-05 157 509892265
0.7131555515 11.27594764 -1.001254879e-05 157 611138608
0.7409423842 11.1535644 -9.799771234e-06 157 709659784
0.7687292216 11.00892965 -9.552164524e-06 157 811815104
0.7965160607 10.8642949 -9.307030219e-06 157 908616505
0.817356195 10.73078591 -9.084196908e-06 158 7416344
0.8381963304 10.59727691 -8.86340356e-06 158 110973325
0.8729298747 10.47489366 -8.665614464e-06 158 210851479
0.8937700087 10.36363617 -8.485911435e-06 158 310105984
0.9215568528 10.23012717 -8.275155051e-06 158 410029171
0.9493436962 10.10774393 -8.083051674e-06 158 509143570
0.9840772508 9.963109182 -7.86106483e-06 158 609774122
1.011864097 9.840725937 -7.675221839e-06 158 708121364
1.032704237 9.729468441 -7.507748912e-06 158 808388073
1.046597676 9.595959443 -7.308504799e-06 158 907299844
1.053544407 9.473576194 -7.125881017e-06 159 9846329
1.067437848 9.340067196 -6.931584555e-06 159 107400861
1.074384582 9.206558198 -6.739035901e-06 159 209952043
1.081331315 9.084174949 -6.562958331e-06 159 308726012
1.08827805 8.95066595 -6.375794759e-06 159 409589914
1.095224786 8.817156951 -6.192268072e-06 159 508302352
1.095224815 8.683647951 -6.0078693e-06 159 611508645
1.095224841 8.561264701 -5.841978019e-06 159 707169182
1.074384747 8.427755697 -5.66164996e-06 159 810065951
1.046597944 8.29424669 -5.481612477e-06 159 909619637
1.011864434 8.149611933 -5.289899702e-06 160 9527148
0.9771309236 7.993851426 -5.085927523e-06 160 109550068
0.9493441157 7.86034242 -4.916057748e-06 160 208865899
0.9285040149 7.726833416 -4.74865924e-06 160 309597488
0.9076639149 7.582198664 -4.57292906e-06 160 411610967
0.879877101 7.459815408 -4.424755576e-06 160 510757466
0.8590370005 7.304054904 -4.242006267e-06 160 611043964
0.838196895 7.170545901 -4.087103472e-06 160 707895952
0.8173567885 7.037036898 -3.9361241e-06 160 809836384
0.7965166791 6.914653645 -3.798996477e-06 160 909452191
0.7687298622 6.77001889 -3.640699178e-06 161 7795876
0.7409430421 6.636509887 -3.497702731e-06 161 107544634
0.7062095103 6.503000882 -3.354841497e-06 161 211341660
0.6784226842 6.391743378 -3.240127598e-06 161 307231322
0.6645292779 6.280485876 -3.127610956e-06 161 410667315
0.6506358682 6.191479875 -3.039888317e-06 161 509607320
0.6297957472 6.102473872 -2.952301909e-06 161 609478097
0.6159023391 5.991216372 -2.844576881e-06 161 707968772
0.6020089291 5.89108462 -2.749107085e-06 161 808416692
0.581168806 5.802078617 -2.665880442e-06 161 908504987
0.5603286822 5.713072615 -2.584540747e-06 162 8388388
0.5255951348 5.624066611 -2.502303589e-06 162 107514680
0.4978082999 5.512809109 -2.402983021e-06 162 210871847
0.463074751 5.412677356 -2.313866014e-06 162 309894001
0.4422346254 5.301419855 -2.21905938e-06 162 408989562
0.4283412101 5.201288104 -2.135793759e-06 162 508671421
0.4075010821 5.101156352 -2.053820956e-06 162 609489593
0.3866609532 5.001024601 -1.972864876e-06 162 707266694
0.3658208243 4.8897671 -1.885322331e-06 162 811979663
0.3519274071 4.778509599 -1.800120585e-06 162 909351180
0.3241405645 4.656126348 -1.708010728e-06 163 10666225
0.289407007 4.544868847 -1.626392249e-06 163 110540084
0.2546734474 4.444737095 -1.553392618e-06 163 209440914
0.2268865991 4.355731095 -1.491639302e-06 163 309230109
0.2060464641 4.244473593 -1.415428968e-06 163 408366694
0.2060464686 4.133216094 -1.3423182e-06 163 508602483
0.2129931872 4.010832846 -1.263948838e-06 163 612225815
0.2199399057 3.899575346 -1.195950267e-06 163 707692358
0.2268866249 3.777192097 -1.123255832e-06 163 811049782
0.2268866304 3.654808847 -1.05127163e-06 163 909373280
0.2199399211 3.543551348 -9.87741734e-07 164 8331381
0.2060464965 3.443419598 -9.331038511e-07 164 109196992
0.1990997865 3.332162099 -8.739368944e-07 164 209273590
0.1852063618 3.209778849 -8.099104707e-07 164 309995832
0.171312936 3.098521349 -7.550853416e-07 164 407302356
0.1574195104 2.96501235 -6.904335876e-07 164 507759290
0.1504727989 2.842629101 -6.345663133e-07 164 610612860
0.1435260868 2.731371602 -5.852839189e-07 164 709470982
0.1226859438 2.597862602 -5.296248009e-07 164 808527188
0.08100565267 2.453227852 -4.71672511e-07 164 908892498
0.0462720749 2.330844603 -4.257431956e-07 165 8772967
0.004591779347 2.208461353 -3.818233436e-07 165 107473999
-0.03708851821 2.086078104 -3.408060893e-07 165 210742184
-0.07876881777 1.963694856 -3.019627287e-07 165 309386446
-0.1273958362 1.830185858 -2.631944876e-07 165 407258735
-0.1760228576 1.685551112 -2.23647532e-07 165 508738046
-0.2177031652 1.529790614 -1.864106745e-07 165 609157085
-0.2524367576 1.385155867 -1.553434259e-07 165 708888958
-0.2802236339 1.25164687 -1.281203889e-07 165 807296022
-0.3010637941 1.118137872 -1.052860525e-07 165 907144059
-0.3288506738 0.9735031246 -8.223517706e-08 166 11089498
-0.3566375544 0.8399941277 -6.460144858e-08 166 107886433
-0.3705309992 0.7176108809 -5.055414415e-08 166 207164142
-0.3774777273 0.5841018829 -3.678677724e-08 166 309436686
-0.3774777355 0.4728443836 -2.793418066e-08 166 407635948
-0.3705310252 0.3615868851 -1.969147889e-08 166 508204464
-0.3635843145 0.2503293847 -1.465422388e-08 166 607378575
-0.3496908838 0.1501976347 -1.114315486e-08 166 710504193
-0.3357974526 0.05006588537 -8.213368825e-09 166 808745958
-0.3149573009 -0.03894011407 -7.539464927e-09 166 908181894
-0.3010638671 -0.1168203646 -7.17041404e-09 167 9542623
-0.287170433 -0.1947006145 -9.709699086e-09 167 109012006
-0.2802237173 -0.2614551147 -1.080519599e-08 167 207789980
-0.2732770002 -0.305958114 -1.256267085e-08 167 308532744
-0.2593835633 -0.350461114 -1.377263931e-08 167 407645069
-0.2454901257 -0.383838364 -1.618750134e-08 167 510785966
-0.2315966875 -0.4060898652 -1.530102095e-08 167 607218106
-0.2246499683 -0.4172156158 -1.71852432e-08 167 710143065
-0.2315966875 -0.4060898652 -1.530102095e-08 167 809473624
-0.2315966875 -0.4060898652 -1.530102095e-08 167 908498659
-0.2385434061 -0.3838383647 -1.56398311e-08 168 8190281
-0.2524368437 -0.3504611147 -1.322485699e-08 168 108196287
-0.2663302806 -0.3059581143 -1.230473248e-08 168 207705651
-0.2941171556 -0.2503293641 -1.121724198e-08 168 308272031
-0.3427441881 -0.1947006115 -1.206604644e-08 168 409980257
-0.4052646573 -0.1279461071 -1.318207925e-08 168 509099072
-0.4677851259 -0.0723173535 -1.717126648e-08 168 609833943
-0.5094654357 -0.01668859995 -1.994839008e-08 168 707711710
-0.5372523088 0.01668865354 -2.27052714e-08 168 809175872
-0.5372523052 0.05006590246 -2.181672953e-08 168 908748626
-0.5164121469 0.06119164933 -2.05052178e-08 169 11271548
-0.4955719898 0.06119164762 -1.914786061e-08 169 107881395
-0.4816785538 0.03894014706 -1.752723075e-08 169 209486650
-0.4747318368 0.01668864734 -1.776452161e-08 169 308438953
-0.4677851188 0.005562896616 -1.60100911e-08 169 407199216
-0.4608384006 -0.005562855115 -1.702177245e-08 169 508513129
-0.4608384017 -0.01668860478 -1.610633914e-08 169 608552828
-0.4469449643 -0.02781435415 -1.423456039e-08 169 708359428
-0.433051526 -0.02781435553 -1.313690484e-08 169 808189602
-0.4261048068 -0.02781435622 -1.258807491e-08 169 907472838
-0.4122113685 -0.02781435724 -1.178041418e-08 170 9540156
-0.3983179311 -0.03894010798 -1.238499388e-08 170 110309792
-0.3913712127 -0.05006585965 -1.106982921e-08 170 209212326
-0.3913712127 -0.05006585965 -1.106982921e-08 170 309331412
-0.3913712136 -0.06119160938 -1.248210845e-08 170 407649607
-0.3844244935 -0.05006585997 -1.081106739e-08 170 507170959
-0.3774777735 -0.03894010969 -1.102861531e-08 170 611614365
-0.3774777727 -0.02781435995 -9.616262784e-09 170 707601872
-0.3635843328 -0.005562862584 -1.107714372e-08 170 810655204
-0.349690893 0.01668863711 -9.622999605e-09 170 908969424
-0.3357974511 0.07231738564 -9.604241034e-09 171 8928119
-0.3288507292 0.1168203845 -8.63937228e-09 171 109087903
-0.3219040067 0.1724491337 -9.16890476e-09 171 207856334
-0.3219040032 0.228077883 -1.097641575e-08 171 307403019
-0.3357974379 0.2725808833 -1.471616967e-08 171 407933968
-0.3705310292 0.3059581345 -1.803140243e-08 171 507118879
-0.4052646219 0.3170838875 -2.038740848e-08 171 609440650
-0.4399982144 0.3282096395 -2.31824778e-08 171 709278898
-0.4677850881 0.3393353921 -2.527917883e-08 171 809411670
-0.4677850881 0.3393353921 -2.527917883e-08 171 909231260
-0.4677850881 0.3393353921 -2.527917883e-08 172 7873046
-0.4608383694 0.3393353915 -2.472916336e-08 172 107751306
-0.4608383694 0.3393353915 -2.472916336e-08 172 206997372
-0.4538916517 0.3282096409 -2.428243118e-08 172 306849039
-0.4538916517 0.3282096409 -2.428243118e-08 172 408751170
-0.4469449331 0.3282096406 -2.402244498e-08 172 509204070
-0.446944934 0.3170838909 -2.310708924e-08 172 608607225
-0.446944934 0.3170838909 -2.310708924e-08 172 708566681
-0.446944934 0.3170838909 -2.310708924e-08 172 807563105
-0.446944935 0.3059581406 -2.292041654e-08 172 909581396
-0.446944935 0.3059581406 -2.292041654e-08 173 6962275
-0.446944936 0.2948323916 -2.127637352e-08 173 108974311
-0.446944936 0.2948323916 -2.127637352e-08 173 208129754
-0.446944936 0.2948323916 -2.127637352e-08 173 309495025
-0.4399982173 0.2948323905 -2.043650982e-08 173 408255890
-0.4330514985 0.2948323902 -2.017663139e-08 173 507966179
-0.4261047807 0.2837066396 -1.973017943e-08 173 608866053
-0.419158062 0.2837066389 -1.918034503e-08 173 707125078
-0.4052646254 0.272580888 -1.84742e-08 173 809687951
-0.3983179067 0.2725808877 -1.821439921e-08 173 910227039
-0.3913711879 0.272580887 -1.766460361e-08 174 9230494
-0.3913711888 0.2614551368 -1.74782111e-08 174 112148451
-0.38442447 0.2614551361 -1.692844998e-08 174 209078677
-0.3774777512 0.2614551354 -1.637868452e-08 174 308463481
-0.3705310325 0.261455135 -1.61189139e-08 174 406800605
-0.3705310333 0.250329385 -1.491396e-08 174 510737276
-0.3635843145 0.2503293847 -1.465422388e-08 174 609815843
-0.3566375965 0.2392036347 -1.347960625e-08 174 707146030
-0.3496908777 0.2392036344 -1.321990462e-08 174 810051609
-0.3427441589 0.2392036337 -1.267021676e-08 174 909079129
-0.3357974408 0.2280778841 -1.178572763e-08 175 8917432
-0.3357974415 0.2169521338 -1.159962394e-08 175 108115573
-0.3288507227 0.2169521331 -1.105000939e-08 175 210788855
-0.3288507227 0.2169521331 -1.105000939e-08 175 308289908
-0.3219040046 0.2058263833 -1.118434893e-08 175 407700596
-0.3219040046 0.2058263833 -1.118434893e-08 175 509321673
-0.3149572857 0.2058263826 -1.063476886e-08 175 608764504
-0.3149572864 0.194700632 -1.015877815e-08 175 708472143
-0.3149572864 0.194700632 -1.015877815e-08 175 809104218
-0.3080105676 0.1947006316 -9.899227382e-09 175 907963398
-0.3080105682 0.1835748818 -1.000326945e-08 176 9975039
-0.3010638494 0.1835748814 -9.743748863e-09 176 111001247
-0.30106385 0.1724491324 -8.100464605e-09 176 209631909
-0.30106385 0.1724491324 -8.100464605e-09 176 308934950
-0.2941171311 0.172449132 -7.840978533e-09 176 409297228
-0.2941171318 0.1613233822 -7.945093861e-09 176 508301760
-0.2941171318 0.1613233822 -7.945093861e-09 176 608893289
-0.2941171318 0.1613233822 -7.945093861e-09 176 707615284
-0.3010638507 0.1613233828 -8.494531661e-09 176 806785434
-0.3080105703 0.1501976323 -9.296704809e-09 176 906865979
-0.3080105703 0.1501976323 -9.296704809e-09 177 10227236
-0.3149572892 0.1501976323 -9.266122786e-09 177 109373198
-0.3149572899 0.1390718834 -8.931437867e-09 177 209872805
-0.3149572899 0.1390718834 -8.931437867e-09 177 308443564
-0.3219040088 0.1390718837 -9.190811862e-09 177 408369522
