0.3449810416 -0.3393353601 -1.806580008e-08 0 909399222
0.3310876031 -0.3504611102 -1.680013909e-08 1 107216599
0.3380343227 -0.3504611098 -1.712234554e-08 1 306888242
0.338034322 -0.3393353605 -1.774363678e-08 1 527252621
0.3449810408 -0.3282096089 -1.780968051e-08 1 703583901
0.393608077 -0.3170838559 -2.024690096e-08 1 906559322
0.4283416738 -0.3059581034 -2.102082811e-08 2 106126953
0.4144482356 -0.3170838543 -2.150317455e-08 2 320401541
0.3936080778 -0.3282096054 -2.064456775e-08 2 537386909
0.3797146403 -0.3504611067 -1.963553076e-08 2 707185079
0.4075015223 -0.3949641035 -2.455266818e-08 2 909272100
0.4352884029 -0.4172156021 -2.809518937e-08 3 94409015
0.456128562 -0.4172156001 -2.964242346e-08 3 310901279
0.456128562 -0.4172156001 -2.964242346e-08 3 517298218
0.4491818433 -0.4283413501 -2.971796573e-08 3 705371349
0.4491818492 -0.4950958492 -3.400177528e-08 3 904938633
0.4700220106 -0.5173473475 -3.78032739e-08 4 107852749
0.5047556076 -0.4950958442 -3.803310417e-08 4 310915516
0.5255957658 -0.483970092 -3.976273008e-08 4 513849618
0.5186490461 -0.4839700927 -3.915010202e-08 4 708831504
0.5742228069 -0.5062215858 -4.58670219e-08 4 904598844
0.6020096875 -0.5173473336 -4.886526095e-08 5 115006014
0.5950629702 -0.5395988343 -4.948864207e-08 5 309613242
0.5881162504 -0.5395988351 -4.887583721e-08 5 510574350
0.6020096875 -0.5173473336 -4.886526095e-08 5 714790939
0.6645301703 -0.5507245746 -5.717577195e-08 5 903128074
0.7062104911 -0.56185032 -6.328948127e-08 6 104247776
0.7062104911 -0.56185032 -6.328948127e-08 6 318849799
0.7270506508 -0.5618503169 -6.570810956e-08 6 522786542
0.7201039309 -0.5618503177 -6.509522721e-08 6 701351704
0.727050654 -0.5841018165 -6.723559232e-08 6 908753981
0.7339973771 -0.6063533146 -6.995608937e-08 7 107590812
0.7201039388 -0.6174790668 -7.058676699e-08 7 310107152
0.7201039356 -0.5952275661 -6.760199162e-08 7 520913251
0.7270506556 -0.5952275653 -6.821498183e-08 7 705522823
0.7478908203 -0.6286048125 -7.40185096e-08 7 910633701
0.7617842653 -0.6619820603 -7.81908005e-08 8 106270317
0.775677707 -0.6731078084 -8.214421227e-08 8 309721313
0.7617842669 -0.6731078103 -8.062773266e-08 8 510645566
0.7756777036 -0.6508563085 -7.959754739e-08 8 718229819
0.7965178654 -0.661982055 -8.241679988e-08 8 905931049
0.8173580255 -0.6619820512 -8.541637925e-08 9 115724487
0.8173580291 -0.6842335511 -8.796347956e-08 9 305886027
0.8243047474 -0.6731078008 -8.817685432e-08 9 521558934
0.8173580273 -0.6731078015 -8.756360975e-08 9 704954295
0.831251471 -0.6953592991 -9.191732681e-08 9 896564568
0.8590383513 -0.6953592942 -9.582054206e-08 10 104541160
0.8659850752 -0.7176107921 -9.752408581e-08 10 305310378
0.8451449149 -0.7176107958 -9.452395466e-08 10 517521670
0.8729317877 -0.6731077925 -9.478948598e-08 10 719903718
0.9354522681 -0.6731077812 -1.037885731e-07 10 902121736
0.9562924303 -0.6842335269 -1.071888671e-07 11 110003782
0.9493457123 -0.6953592783 -1.084335093e-07 11 301743166
0.9771325841 -0.6508562738 -1.072392259e-07 11 516362625
0.9771325884 -0.6731077736 -1.097879774e-07 11 706086802
1.039653069 -0.6731077612 -1.196570533e-07 11 906288125
1.067439951 -0.6842335047 -1.248311359e-07 12 102287110
1.067439956 -0.7064850042 -1.276708178e-07 12 316553827
1.067439956 -0.7064850042 -1.276708178e-07 12 509968954
1.074386667 -0.6619820034 -1.234746315e-07 12 708875640
1.150800587 -0.6619819869 -1.365997592e-07 12 905375373
1.199427627 -0.6619819757 -1.455320995e-07 13 107656419
1.20637435 -0.6731077245 -1.488745387e-07 13 310832886
1.199427627 -0.6619819757 -1.455320995e-07 13 521678986
1.199427627 -0.6619819757 -1.455320995e-07 13 708092846
1.234161222 -0.639730467 -1.501066271e-07 13 911015191
1.241107947 -0.661981966 -1.532712529e-07 14 107416905
1.248054667 -0.6619819641 -1.547544345e-07 14 315883785
1.268894819 -0.6286047092 -1.562500123e-07 14 520064152
1.275841539 -0.6286047074 -1.577330904e-07 14 706596668
1.303628413 -0.6063532008 -1.605332905e-07 14 904871452
1.296681696 -0.6174789526 -1.614899856e-07 15 109730203
1.303628416 -0.6174789511 -1.626830388e-07 15 307960209
1.303628413 -0.6063532008 -1.605332905e-07 15 525864207
1.303628416 -0.6174789511 -1.626830388e-07 15 705829140
1.345308733 -0.6063531896 -1.694313282e-07 15 909198749
1.352255456 -0.6174789385 -1.727743494e-07 16 107638621
1.352255456 -0.6174789385 -1.727743494e-07 16 314870838
1.366148887 -0.5841016852 -1.717662572e-07 16 521358746
1.373095607 -0.5841016833 -1.73249193e-07 16 695910318
1.4078292 -0.5618501741 -1.794193229e-07 16 904249682
1.407829203 -0.5729759228 -1.804022432e-07 17 114049518
1.400882484 -0.5729759247 -1.789193418e-07 17 308595218
1.407829203 -0.5729759228 -1.804022432e-07 17 517641616
1.407829207 -0.5841016737 -1.809538629e-07 17 706968754
1.428669363 -0.5729759169 -1.851409335e-07 17 904824132
1.428669363 -0.5729759169 -1.851409335e-07 18 101053690
1.435616077 -0.5507244156 -1.837803378e-07 18 308819035
1.449509513 -0.5395986624 -1.863428435e-07 18 522105395
1.463402953 -0.5395986586 -1.893084264e-07 18 705372858
1.484243103 -0.5062214019 -1.922494429e-07 18 907487137
1.477296383 -0.5062214038 -1.907667615e-07 19 109790975
1.47729638 -0.4950956544 -1.890547961e-07 19 321395658
1.470349667 -0.5173471568 -1.895460239e-07 19 512764984
1.470349663 -0.5062214056 -1.892840713e-07 19 704248562
1.498136536 -0.483969899 -1.9338934e-07 19 906279034
1.49118982 -0.4950956503 -1.923100849e-07 20 110625109
1.49118982 -0.4950956503 -1.923100849e-07 20 312449830
1.49118982 -0.4950956503 -1.923100849e-07 20 527007713
1.498136539 -0.4950956485 -1.937927363e-07 20 702225592
1.539816851 -0.4728441372 -2.027513793e-07 20 901725778
1.546763575 -0.4839698841 -2.052175889e-07 21 112903171
1.553710291 -0.4728441331 -2.060065259e-07 21 315708965
1.546763575 -0.4839698841 -2.052175889e-07 21 517663663
1.546763575 -0.4839698841 -2.052175889e-07 21 713002467
1.560657014 -0.48396988 -2.084728175e-07 21 913473833
1.560657018 -0.4950956299 -2.085865422e-07 22 100638017
1.553710298 -0.4950956317 -2.071038866e-07 22 313684397
1.567603734 -0.4839698778 -2.102454205e-07 22 525056603
1.560657014 -0.48396988 -2.084728175e-07 22 712962245
1.574550454 -0.4839698756 -2.120180236e-07 22 904907670
1.57455045 -0.4728441268 -2.110342453e-07 23 114187312
1.567603737 -0.4950956276 -2.103591841e-07 23 305207565
1.581497174 -0.4839698733 -2.137906309e-07 23 511709614
1.567603737 -0.4950956276 -2.103591841e-07 23 706683421
1.5884439 -0.50622137 -2.176796345e-07 23 905572413
1.574550468 -0.5284728753 -2.158192483e-07 24 108210261
1.5884439 -0.50622137 -2.176796345e-07 24 315920794
1.609284053 -0.4839698648 -2.205910612e-07 24 524137546
1.616230772 -0.4839698626 -2.223636685e-07 24 709621792
1.623177492 -0.4839698603 -2.241362716e-07 24 896769382
1.630124205 -0.4617183581 -2.223346856e-07 25 110390605
1.630124208 -0.472844109 -2.252148067e-07 25 334458546
1.630124205 -0.4617183581 -2.223346856e-07 25 525544453
1.630124208 -0.472844109 -2.252148067e-07 25 708353556
1.644017648 -0.4728441045 -2.287599482e-07 25 903748594
1.650964364 -0.4617183514 -2.276522791e-07 26 105819368
1.650964364 -0.4617183514 -2.276522791e-07 26 304926260
1.650964364 -0.4617183514 -2.276522791e-07 26 516648064
1.650964364 -0.4617183514 -2.276522791e-07 26 710229392
1.664857804 -0.4617183469 -2.311973516e-07 26 905663349
1.664857804 -0.4617183469 -2.311973516e-07 27 104905669
1.67180452 -0.4505925957 -2.34602944e-07 27 310825220
1.67875124 -0.4505925934 -2.363754436e-07 27 519600026
1.671804523 -0.4617183447 -2.329698857e-07 27 706123617
1.664857807 -0.4728440978 -2.340776538e-07 27 911479366
1.657911084 -0.4617183492 -2.294248175e-07 28 107336131
1.664857804 -0.4617183469 -2.311973516e-07 28 314981349
1.671804527 -0.4728440956 -2.358502224e-07 28 526062027
1.657911091 -0.4839698492 -2.329993041e-07 28 712740784
1.650964371 -0.4839698514 -2.312266924e-07 28 904050498
1.644017652 -0.4839698536 -2.29454098e-07 29 123272329
1.650964368 -0.4728441023 -2.305325081e-07 29 317357712
1.644017652 -0.4839698536 -2.29454098e-07 29 528457283
1.644017655 -0.4950956035 -2.295682539e-07 29 710238802
1.623177496 -0.4950956102 -2.24250324e-07 29 908697011
1.616230772 -0.4839698626 -2.223636685e-07 30 109327421
1.60233734 -0.5062213659 -2.20935001e-07 30 307721002
1.616230772 -0.4839698626 -2.223636685e-07 30 521604460
1.60233734 -0.5062213659 -2.20935001e-07 30 713380794
1.581497184 -0.5173471234 -2.161694885e-07 30 906235863
1.567603748 -0.5284728775 -2.140464987e-07 31 116223898
1.567603748 -0.5284728775 -2.140464987e-07 31 311868317
1.574550468 -0.5284728753 -2.158192483e-07 31 525372716
1.574550468 -0.5284728753 -2.158192483e-07 31 696259023
1.567603755 -0.5507243765 -2.148540068e-07 31 907618354
1.567603755 -0.5507243765 -2.148540068e-07 32 111657878
1.560657038 -0.5618501298 -2.146522832e-07 32 313335136
1.574550468 -0.5284728753 -2.158192483e-07 32 535863657
1.567603755 -0.5507243765 -2.148540068e-07 32 709695791
1.581497201 -0.5729758715 -2.212446672e-07 32 905651578
1.581497201 -0.5729758715 -2.212446672e-07 33 101960529
1.560657052 -0.6063531282 -2.183045215e-07 33 327136093
1.574550485 -0.5841016249 -2.197342625e-07 33 527523306
1.567603768 -0.5952273759 -2.189450798e-07 33 713344368
1.539816902 -0.6397303831 -2.168136902e-07 33 912556941
1.546763622 -0.6397303813 -2.182968029e-07 34 107253613
1.539816905 -0.6508561342 -2.183846731e-07 34 314126803
1.567603772 -0.606353126 -2.200775168e-07 34 525527053
1.574550492 -0.6063531238 -2.218505208e-07 34 708680610
1.560657059 -0.6286046284 -2.205693309e-07 34 907595149
1.553710342 -0.6397303791 -2.200699146e-07 35 119365536
1.546763622 -0.6397303813 -2.182968029e-07 35 325334811
1.553710339 -0.6286046303 -2.190862441e-07 35 527471556
1.560657059 -0.6286046284 -2.205693309e-07 35 707085069
1.532870185 -0.6508561364 -2.166115268e-07 35 910837481
1.525923465 -0.6508561386 -2.148383849e-07 36 109098994
1.532870179 -0.6286046366 -2.140570158e-07 36 326458128
1.532870182 -0.6397303857 -2.147505879e-07 36 514571927
1.518976745 -0.6508561405 -2.133552292e-07 36 709675583
1.491189875 -0.684233398 -2.098000756e-07 36 903783667
1.484243155 -0.6842334002 -2.080268216e-07 37 96277308
1.512030025 -0.6508561427 -2.115820872e-07 37 325973127
1.512030029 -0.6619818926 -2.11695562e-07 37 512362767
1.512030025 -0.6508561427 -2.115820872e-07 37 708405623
1.512030029 -0.6619818926 -2.11695562e-07 37 908186462
1.505083312 -0.6731076447 -2.123631676e-07 38 112107374
1.505083312 -0.6731076447 -2.123631676e-07 38 313597027
1.512030032 -0.6731076429 -2.138463923e-07 38 511378752
1.518976749 -0.6619818904 -2.134687427e-07 38 711597915
1.546763632 -0.6731076321 -2.224224822e-07 38 909614983
1.546763632 -0.6731076321 -2.224224822e-07 39 109018979
1.553710349 -0.6619818799 -2.217546653e-07 39 327351623
1.546763636 -0.6842333816 -2.228261328e-07 39 514309209
1.546763632 -0.6731076321 -2.224224822e-07 39 710012728
1.539816909 -0.661981884 -2.184982944e-07 39 905134515
1.525923472 -0.6731076384 -2.17392827e-07 40 111877732
1.525923472 -0.6731076384 -2.17392827e-07 40 309936426
1.532870189 -0.6619818863 -2.167251094e-07 40 527501968
1.532870189 -0.6619818863 -2.167251094e-07 40 711960559
1.512030025 -0.6508561427 -2.115820872e-07 40 908900535
1.498136589 -0.6619818967 -2.08439191e-07 41 113676090
1.505083305 -0.6508561446 -2.100989315e-07 41 312882669
1.491189868 -0.6619818985 -2.069560008e-07 41 523767654
1.484243152 -0.6731076511 -2.073335038e-07 41 710561238
1.505083309 -0.6619818944 -2.102123717e-07 41 910245421
1.512030032 -0.6731076429 -2.138463923e-07 42 108789927
1.512030035 -0.684233392 -2.145398567e-07 42 317167398
1.512030032 -0.6731076429 -2.138463923e-07 42 517188101
1.512030029 -0.6619818926 -2.11695562e-07 42 702763821
1.532870189 -0.6619818863 -2.167251094e-07 42 908869869
1.525923469 -0.6619818885 -2.149519329e-07 43 112239263
1.532870185 -0.6508561364 -2.166115268e-07 43 306403195
1.518976752 -0.6731076407 -2.156196075e-07 43 527032385
1.518976752 -0.6731076407 -2.156196075e-07 43 708131285
1.532870185 -0.6508561364 -2.166115268e-07 43 895788569
1.518976749 -0.6619818904 -2.134687427e-07 44 106595124
1.518976749 -0.6619818904 -2.134687427e-07 44 312706283
1.512030032 -0.6731076429 -2.138463923e-07 44 521762268
1.512030032 -0.6731076429 -2.138463923e-07 44 715789683
1.512030032 -0.6731076429 -2.138463923e-07 44 905298141
1.512030029 -0.6619818926 -2.11695562e-07 45 105644420
1.505083309 -0.6619818944 -2.102123717e-07 45 307457489
1.518976749 -0.6619818904 -2.134687427e-07 45 526442468
1.518976749 -0.6619818904 -2.134687427e-07 45 705850936
1.546763632 -0.6731076321 -2.224224822e-07 45 908616206
1.553710352 -0.6731076299 -2.241957017e-07 46 112269335
1.560657069 -0.6619818781 -2.232378599e-07 46 319781328
1.546763632 -0.6731076321 -2.224224822e-07 46 526359197
1.539816915 -0.6842333835 -2.213428736e-07 46 704620813
1.532870199 -0.695359136 -2.217205577e-07 46 912104701
1.525923479 -0.6953591382 -2.199472735e-07 47 126777282
1.532870199 -0.695359136 -2.217205577e-07 47 327613939
1.539816915 -0.6842333835 -2.213428736e-07 47 515824896
1.546763632 -0.6731076321 -2.224224822e-07 47 712607587
1.539816912 -0.673107634 -2.209392575e-07 47 911065696
1.532870192 -0.6731076362 -2.191660422e-07 48 116945129
1.532870192 -0.6731076362 -2.191660422e-07 48 323411106
1.532870192 -0.6731076362 -2.191660422e-07 48 527578854
1.532870192 -0.6731076362 -2.191660422e-07 48 709105685
1.518976752 -0.6731076407 -2.156196075e-07 48 912906832
1.512030029 -0.6619818926 -2.11695562e-07 49 119668768
1.518976749 -0.6619818904 -2.134687427e-07 49 307298011
1.505083312 -0.6731076447 -2.123631676e-07 49 534500468
1.505083312 -0.6731076447 -2.123631676e-07 49 712223992
1.518976752 -0.6731076407 -2.156196075e-07 49 911611129
1.512030035 -0.684233392 -2.145398567e-07 50 110503167
1.505083315 -0.6842333939 -2.130565889e-07 50 318600245
1.505083312 -0.6731076447 -2.123631676e-07 50 521571848
1.512030032 -0.6731076429 -2.138463923e-07 50 699907108
1.491189872 -0.6731076488 -2.091067233e-07 50 910067322
1.477296435 -0.6842334021 -2.065435624e-07 51 109316944
1.491189868 -0.6619818985 -2.069560008e-07 51 323920125
1.491189872 -0.6731076488 -2.091067233e-07 51 514965325
1.491189872 -0.6731076488 -2.091067233e-07 51 708948548
1.435616108 -0.6619819145 -1.942205161e-07 51 908254369
1.421722668 -0.6619819186 -1.909641495e-07 52 103495223
1.407829231 -0.6731076723 -1.90438051e-07 52 323423226
1.428669385 -0.6508561669 -1.923342917e-07 52 535647494
1.428669385 -0.6508561669 -1.923342917e-07 52 709351350
1.393935785 -0.6508561762 -1.84918526e-07 52 907455112
1.373095628 -0.6619819317 -1.805818308e-07 53 121730999
1.373095628 -0.6619819317 -1.805818308e-07 53 309910082
1.400882499 -0.6286046745 -1.83848533e-07 53 515977035
1.400882502 -0.6397304237 -1.84541424e-07 53 711683582
1.366148905 -0.650856184 -1.786959342e-07 53 909495145
1.352255465 -0.6508561878 -1.757296313e-07 54 109658640
1.373095616 -0.6174789329 -1.772234804e-07 54 326973934
1.380042339 -0.6286046801 -1.793992986e-07 54 515627765
1.366148902 -0.639730433 -1.771258479e-07 54 708815757
1.338362016 -0.6174789422 -1.698082622e-07 54 908049132
1.317521862 -0.6397304457 -1.670340286e-07 55 115374543
1.310575142 -0.6397304475 -1.655509116e-07 55 314327059
1.317521862 -0.6397304457 -1.670340286e-07 55 525656907
1.324468579 -0.628604695 -1.675346606e-07 55 708563638
1.296681702 -0.6397304513 -1.625846864e-07 55 907760299
1.275841542 -0.6397304565 -1.584253305e-07 56 105352159
1.275841542 -0.6397304565 -1.584253305e-07 56 313332365
1.303628416 -0.6174789511 -1.626830388e-07 56 524821423
1.303628419 -0.6286047006 -1.630854262e-07 56 711829434
1.261948099 -0.6286047107 -1.550569246e-07 56 906110996
1.248054659 -0.6286047144 -1.520907684e-07 57 118382436
1.241107942 -0.6397304651 -1.51589744e-07 57 312925091
1.268894814 -0.6063532094 -1.536982387e-07 57 510810644
1.268894816 -0.6174789601 -1.555578111e-07 57 709429721
1.241107931 -0.5952274661 -1.472154489e-07 57 908419874
1.220267774 -0.6063532214 -1.441871677e-07 58 111858887
1.206374337 -0.6174789754 -1.433703976e-07 58 323819971
1.220267771 -0.5952274709 -1.433465233e-07 58 522596741
1.227214491 -0.5952274694 -1.445394988e-07 58 712587313
1.220267769 -0.5841017221 -1.423645729e-07 58 899604511
1.213321049 -0.584101724 -1.408816414e-07 59 126256115
1.199427609 -0.5841017274 -1.382057644e-07 59 313278564
1.185534172 -0.5952274791 -1.368016473e-07 59 536661361
1.185534172 -0.5952274791 -1.368016473e-07 59 707130298
1.178587446 -0.572975981 -1.340765072e-07 59 905548461
1.164694007 -0.5729759844 -1.314007079e-07 60 104694290
1.164694007 -0.5729759844 -1.314007079e-07 60 305323592
1.178587444 -0.5618502326 -1.328047862e-07 60 523492115
1.185534164 -0.5618502308 -1.342876445e-07 60 705333136
1.150800562 -0.550724488 -1.261743465e-07 60 908841788
1.143853842 -0.5507244895 -1.249815089e-07 61 116595450
1.150800559 -0.5395987388 -1.254827531e-07 61 320017126
1.136907125 -0.561850242 -1.253575763e-07 61 522805257
1.129960405 -0.5618502435 -1.241647042e-07 61 704366416
1.109120243 -0.550724497 -1.190173426e-07 61 907829655
1.088280081 -0.5395987527 -1.144575865e-07 62 109542539
1.081333363 -0.5507245033 -1.139560233e-07 62 313201927
1.081333363 -0.5507245033 -1.139560233e-07 62 524176777
1.088280083 -0.5507245018 -1.151488522e-07 62 715549476
1.067439921 -0.5395987572 -1.108791989e-07 62 913309216
1.060493199 -0.5284730084 -1.098652568e-07 63 109043962
1.060493201 -0.5395987587 -1.096863957e-07 63 319175109
1.067439919 -0.5284730069 -1.110580211e-07 63 526194433
1.067439919 -0.5284730069 -1.110580211e-07 63 709064276
1.039653039 -0.5284730126 -1.065769674e-07 63 908872392
1.01881288 -0.5284730171 -1.029986917e-07 64 107461621
1.039653037 -0.5173472632 -1.048672782e-07 64 299096115
1.039653037 -0.5173472632 -1.048672782e-07 64 519259723
1.032706317 -0.5173472647 -1.036745571e-07 64 704525799
1.004919433 -0.4950957698 -9.72245949e-08 64 907591572
0.9910259938 -0.4950957728 -9.483929053e-08 65 124576460
0.9910259938 -0.4950957728 -9.483929053e-08 65 325403876
0.9910259959 -0.5062215218 -9.683872443e-08 65 513224568
0.9840792761 -0.5062215229 -9.593602823e-08 65 696091048
0.9562923969 -0.5062215285 -9.145527202e-08 65 902150057
0.9354522394 -0.5173472831 -8.900635967e-08 66 105649068
0.9354522394 -0.5173472831 -8.900635967e-08 66 315555842
0.9632391146 -0.4950957777 -9.093866188e-08 66 524578706
0.977132552 -0.4839700255 -9.263328257e-08 66 706466082
0.9493456729 -0.4839700308 -8.844280139e-08 66 904963210
0.9285055156 -0.4950957845 -8.555539055e-08 67 101344242
0.9285055156 -0.4950957845 -8.555539055e-08 67 318936154
0.9632391061 -0.4505927791 -8.860748635e-08 67 529942582
0.970185828 -0.4617185267 -8.816329938e-08 67 704433541
0.9701858259 -0.4505927776 -8.9799992e-08 67 904585801
0.9562923885 -0.4617185293 -8.606820104e-08 68 106556515
0.9285055115 -0.4728442858 -8.446450939e-08 68 325051542
0.9215587937 -0.4839700357 -8.454231498e-08 68 512404763
0.9146120739 -0.4839700372 -8.334970161e-08 68 707514076
0.9076653522 -0.4728442892 -8.175674851e-08 68 906139639
0.8937719146 -0.4839700406 -8.064183293e-08 69 105131330
0.8868251967 -0.4950957916 -7.984944284e-08 69 316875473
0.9076653502 -0.4617185383 -7.888036938e-08 69 524338278
0.9076653522 -0.4728442892 -8.175674851e-08 69 705308732
0.8937719126 -0.4728442918 -7.966158552e-08 69 912098917
0.8798784731 -0.4728442941 -7.785640871e-08 70 107572278
0.8798784731 -0.4728442941 -7.785640871e-08 70 315832799
0.9215587857 -0.4394670356 -8.104463056e-08 70 524835381
0.9146120679 -0.4505927881 -8.141990043e-08 70 708778136
0.886825189 -0.4505927926 -7.780983999e-08 70 914821816
0.8590383119 -0.4617185466 -7.227252305e-08 71 106124940
0.8520915921 -0.4617185478 -7.136996916e-08 71 313595097
0.9007186226 -0.4172155407 -7.695660589e-08 71 522610855
0.9076653422 -0.4172155396 -7.785901321e-08 71 710067745
0.8868251832 -0.4172155433 -7.486180073e-08 71 905805782
0.8729317457 -0.4283412951 -7.345714467e-08 72 113635103
0.8520915884 -0.4394670476 -7.143985625e-08 72 311134571
0.8798784635 -0.4172155445 -7.395939336e-08 72 514768014
0.8937719029 -0.4172155418 -7.605420285e-08 72 713788081
0.8520915847 -0.417215549 -7.034976404e-08 72 905157271
0.8381981435 -0.4060898013 -6.610762487e-08 73 120473576
0.8381981435 -0.4060898013 -6.610762487e-08 73 312658170
0.8451448613 -0.3949640496 -6.747996581e-08 73 528301606
0.8520915809 -0.3949640485 -6.838229988e-08 73 704144019
0.8520915772 -0.3727125485 -6.714351433e-08 73 894858726
0.8451448594 -0.3838383001 -6.707995379e-08 74 105417783
0.8451448594 -0.3838383001 -6.707995379e-08 74 314826075
0.8451448594 -0.3838383001 -6.707995379e-08 74 522124499
0.8520915772 -0.3727125485 -6.714351433e-08 74 703886894
0.8104112576 -0.3615868065 -6.07501206e-08 74 905866081
0.8104112559 -0.3504610564 -5.962161095e-08 75 104929994
0.8173579755 -0.3504610553 -6.052380272e-08 75 311233636
0.8243046951 -0.3504610542 -6.142599016e-08 75 519606601
0.8243046951 -0.3504610542 -6.142599016e-08 75 705836334
0.7895710953 -0.3393353105 -5.753399018e-08 75 904674685
0.7895710953 -0.3393353105 -5.753399018e-08 76 110646760
0.7895710936 -0.3282095593 -5.727556845e-08 76 311321210
0.7756776578 -0.3504610621 -5.511066928e-08 76 514001070
0.7895710953 -0.3393353105 -5.753399018e-08 76 708694826
0.7478907745 -0.3170838163 -5.175335768e-08 76 907408902
0.7062104587 -0.3282095715 -4.76101302e-08 77 117806284
0.7062104587 -0.3282095715 -4.76101302e-08 77 320060042
0.7062104587 -0.3282095715 -4.76101302e-08 77 524091327
0.7062104587 -0.3282095715 -4.76101302e-08 77 707099557
0.6714768579 -0.3059580768 -4.215262239e-08 77 898842960
0.6645301383 -0.305958078 -4.12505772e-08 78 109138048
0.6575834188 -0.3059580791 -4.034853629e-08 78 319600294
0.6714768549 -0.2837065772 -4.062571735e-08 78 522804755
0.6714768564 -0.294832328 -4.117352603e-08 78 708993765
0.6367432546 -0.2614550824 -3.647796856e-08 78 917021780
0.6297965351 -0.2614550832 -3.586605615e-08 79 112086696
0.6367432546 -0.2614550824 -3.647796856e-08 79 307909975
0.622849817 -0.2725808342 -3.507302368e-08 79 525340077
0.6089563793 -0.2837065852 -3.424792183e-08 79 717622975
0.5811694987 -0.2614550893 -3.100271834e-08 79 915682503
0.5672760598 -0.2614550905 -3.006889693e-08 80 110857706
0.5811694975 -0.2503293394 -3.089406772e-08 80 310506301
0.574222778 -0.2503293398 -3.057219324e-08 80 523712768
0.5672760598 -0.2614550905 -3.006889693e-08 80 695746855
0.5186490222 -0.250329346 -2.567722149e-08 80 905947286
0.4978088638 -0.2503293483 -2.384160924e-08 81 108612694
0.5117023016 -0.2392035967 -2.39383816e-08 81 316202769
0.5255957394 -0.2280778452 -2.50536938e-08 81 526276896
0.5394891783 -0.2280778437 -2.627729447e-08 81 704661519
0.5325424553 -0.1947005949 -2.534030109e-08 81 908828154
0.5117022983 -0.2058263478 -2.303352654e-08 82 107164575
0.5325424553 -0.1947005949 -2.534030109e-08 82 330533515
0.5533826111 -0.1724490926 -2.593968862e-08 82 508833915
0.5533826111 -0.1724490926 -2.593968862e-08 82 704706372
0.5117022927 -0.1501975978 -2.176339693e-08 82 908540795
0.5047555723 -0.1390718481 -2.03149183e-08 83 117968005
0.5117022905 -0.1279460975 -2.081813701e-08 83 313264683
0.4630752604 -0.1835748521 -1.838666705e-08 83 523611069
0.4630752594 -0.1724491018 -1.856862776e-08 83 710875612
0.4422351003 -0.1613233541 -1.560716152e-08 83 906616883
0.43528838 -0.1501976048 -1.619636181e-08 84 109439118
0.4213949414 -0.150197606 -1.526326467e-08 84 319385924
0.4144482221 -0.1501976064 -1.49417092e-08 84 510894434
0.4213949395 -0.127946106 -1.402894976e-08 84 698795050
0.386661343 -0.1279461084 -1.213154403e-08 84 903711056
0.3727679036 -0.1168203597 -1.109102065e-08 85 108927907
0.3797146221 -0.1056946094 -1.130485671e-08 85 307614794
0.3797146229 -0.1168203593 -1.141246403e-08 85 514820677
0.3797146229 -0.1168203593 -1.141246403e-08 85 704635071
0.3588744635 -0.09456886169 -1.067182297e-08 85 899260872
0.3588744635 -0.09456886169 -1.067182297e-08 86 93381833
0.3658211827 -0.09456886128 -1.099319737e-08 86 310014496
0.3588744658 -0.1279461104 -1.055562481e-08 86 511327781
0.3380343087 -0.1390718622 -9.118589009e-09 86 702366596
0.3102474307 -0.1279461136 -8.015267651e-09 86 901499895
0.2894072728 -0.1279461148 -7.05082974e-09 87 101013101
0.2963539921 -0.1279461147 -7.082317094e-09 87 315562629
0.3033007114 -0.1279461143 -7.403799275e-09 87 498930367
0.3102474307 -0.1279461136 -8.015267651e-09 87 701037274
0.2685671143 -0.1168203665 -5.689367366e-09 87 905758122
0.2546736757 -0.1168203669 -5.33646681e-09 88 108928306
0.2477269559 -0.1056946178 -4.618111067e-09 88 307415557
0.2477269559 -0.1056946178 -4.618111067e-09 88 515161240
0.2407802372 -0.1168203677 -4.693584361e-09 88 705528506
0.2338335164 -0.0834431185 -4.051590979e-09 88 907783873
0.2338335174 -0.1056946183 -4.265288109e-09 89 114355026
0.2338335179 -0.1168203681 -4.372136674e-09 89 314093715
0.2268867981 -0.1056946187 -3.943879216e-09 89 523520242
0.2338335169 -0.09456886932 -4.597132008e-09 89 710460412
0.2199400788 -0.1056946191 -3.62247464e-09 89 910445033
0.1990999215 -0.1168203698 -3.054910283e-09 90 120443868
0.1852064825 -0.1056946207 -2.305429313e-09 90 316228432
0.1782597636 -0.1168203706 -2.38057065e-09 90 511231993
0.1852064821 -0.09456887142 -2.927513766e-09 90 727266103
0.1852064817 -0.08344312059 -2.382227096e-09 90 909111488
0.1852064821 -0.09456887142 -2.927513766e-09 91 108174457
0.1713130439 -0.1056946208 -2.242601174e-09 91 314301423
0.1574196051 -0.09456887194 -2.512000628e-09 91 511012726
0.1713130439 -0.1056946208 -2.242601174e-09 91 712783863
0.122686009 -0.1056946222 -1.152709601e-09 91 907870971
0.1087925705 -0.1056946226 -7.998909521e-10 92 110434053
0.1087925707 -0.1168203725 -9.060928535e-10 92 313064721
0.1018458508 -0.08344312289 -5.56155004e-10 92 529036902
0.09489913175 -0.09456887375 -1.069626679e-09 92 707551212
0.08100569342 -0.1056946231 -3.842441781e-10 92 902002778
0.08795241307 -0.1279461225 -9.17836987e-10 93 111072309
0.07405897431 -0.1168203727 -7.488414472e-10 93 317562071
0.07405897383 -0.08344312341 -1.407927525e-10 93 522664805
0.0879524125 -0.09456887415 -7.482565817e-10 93 713804136
0.09489913175 -0.09456887375 -1.069626679e-09 93 913048269
0.0879524125 -0.09456887415 -7.482565817e-10 94 107872423
0.07405897431 -0.1168203727 -7.488414472e-10 94 316584090
0.0879524125 -0.09456887415 -7.482565817e-10 94 524222668
0.09489913155 -0.08344312329 -2.348194e-10 94 712917307
0.08100569324 -0.09456887383 -1.006871829e-09 94 908053788
0.07405897415 -0.1056946232 -3.528301054e-10 95 115588322
0.09489913175 -0.09456887375 -1.069626679e-09 95 312999643
0.1157392893 -0.08344312281 -6.188365584e-10 95 520994222
0.10879257 -0.08344312285 -5.874914721e-10 95 703078640
0.1365794467 -0.07231737303 -1.625192536e-09 95 905795128
0.136579447 -0.08344312233 -1.00285804e-09 96 109967661
0.1296327277 -0.08344312237 -9.715129465e-10 96 315533161
0.1296327277 -0.08344312237 -9.715129465e-10 96 514517180
0.1018458515 -0.1168203725 -8.746486105e-10 96 710427317
0.1226860085 -0.08344312241 -9.401678533e-10 96 913156429
0.1087925703 -0.09456887367 -1.132381529e-09 97 107979907
0.1087925703 -0.09456887367 -1.132381529e-09 97 314289667
0.1018458512 -0.1056946226 -7.684812023e-10 97 520045974
0.1018458512 -0.1056946226 -7.684812023e-10 97 704183620
0.1087925705 -0.1056946226 -7.998909521e-10 97 902875334
0.09489913217 -0.1168203726 -8.431957355e-10 98 110179836
0.08795241288 -0.116820373 -5.217523635e-10 98 309460069
0.1226860088 -0.09456887323 -1.485131199e-09 98 528351463
0.1296327277 -0.08344312237 -9.715129465e-10 98 702894259
0.122686009 -0.1056946222 -1.152709601e-09 98 906137150
0.122686009 -0.1056946222 -1.152709601e-09 99 105461913
0.122686009 -0.1056946222 -1.152709601e-09 99 307558938
0.1365794473 -0.09456887278 -1.837880868e-09 99 522855588
0.1504728858 -0.09456887271 -1.90064002e-09 99 698154748
0.1504728861 -0.1056946216 -1.568369323e-09 99 910060015
0.1435261669 -0.1056946217 -1.536955258e-09 100 108567558
0.1574196054 -0.1056946212 -1.889773907e-09 100 314752581
0.1713130436 -0.09456887186 -2.574764096e-09 100 521954338
0.1643663243 -0.0945688719 -2.543384524e-09 100 709123202
0.2060466398 -0.09456887057 -3.601633533e-09 100 907067580
0.2060466398 -0.09456887057 -3.601633533e-09 101 107325837
0.199099921 -0.1056946199 -2.948242782e-09 101 317769856
0.1852064829 -0.1168203702 -2.702018345e-09 101 523267986
0.199099921 -0.1056946199 -2.948242782e-09 101 714851709
0.1921532022 -0.1168203698 -3.023457408e-09 101 909899797
0.1921532022 -0.1168203698 -3.023457408e-09 102 109573751
0.1852064829 -0.1168203702 -2.702018345e-09 102 312754332
0.2129933591 -0.09456887016 -3.923007932e-09 102 527347616
0.2129933591 -0.09456887016 -3.923007932e-09 102 709125973
0.2199400788 -0.1056946191 -3.62247464e-09 102 918629177
0.2268867976 -0.09456886936 -4.565748113e-09 103 114842995
0.2407802356 -0.08344311809 -4.372926583e-09 103 314009176
0.2546736741 -0.08344311729 -5.015597791e-09 103 525116114
0.2616203927 -0.07231736795 -5.668630718e-09 103 705485864
0.2616203927 -0.07231736795 -5.668630718e-09 103 911852238
0.2685671114 -0.06119161731 -6.172901339e-09 104 110837810
0.2546736735 -0.07231736835 -5.347333916e-09 104 313699761
0.2477269543 -0.07231736876 -5.026032805e-09 104 525681112
0.2546736735 -0.07231736835 -5.347333916e-09 104 711532880
0.2477269538 -0.06119161852 -5.209105779e-09 104 910321045
0.2477269538 -0.06119161852 -5.209105779e-09 105 108149106
0.2407802351 -0.0723173688 -4.994726507e-09 105 315070150
0.2268867966 -0.0723173696 -4.352124279e-09 105 526242814
0.2268867966 -0.0723173696 -4.352124279e-09 105 709479010
0.240780234 -0.05006586883 -3.762278301e-09 105 911903529
0.2407802345 -0.06119161892 -4.887843463e-09 106 111684759
0.2407802345 -0.06119161892 -4.887843463e-09 106 325592367
0.2407802345 -0.06119161892 -4.887843463e-09 106 516493051
0.2477269543 -0.07231736876 -5.026032805e-09 106 712719692
0.2616203916 -0.05006586798 -4.435966955e-09 106 907690844
0.2685671102 -0.03894011661 -5.520153931e-09 107 118056709
0.2477269532 -0.05006586879 -3.793515616e-09 107 324869034
0.2407802345 -0.06119161892 -4.887843463e-09 107 516506600
0.2268867961 -0.06119161936 -4.535305038e-09 107 715013060
0.2477269538 -0.06119161852 -5.209105779e-09 107 909720923
0.2546736724 -0.05006586802 -4.404733953e-09 108 104761108
0.2268867966 -0.0723173696 -4.352124279e-09 108 316516461
0.2268867961 -0.06119161936 -4.535305038e-09 108 523851338
0.2199400779 -0.0834431193 -3.408924087e-09 108 709309199
0.2407802345 -0.06119161892 -4.887843463e-09 108 909458637
0.2338335158 -0.07231736956 -4.383434879e-09 109 107770862
0.2477269538 -0.06119161852 -5.209105779e-09 109 311009065
0.2477269538 -0.06119161852 -5.209105779e-09 109 524526424
0.2407802351 -0.0723173688 -4.994726507e-09 109 704800383
0.2338335148 -0.05006586923 -3.441050479e-09 109 908153983
0.2477269527 -0.03894011782 -4.556578233e-09 110 114568908
0.2477269527 -0.03894011782 -4.556578233e-09 110 327165758
0.2616203899 -0.01668861893 -4.843673133e-09 110 508701394
0.2755138288 -0.02781436648 -4.425610531e-09 110 708424476
0.2894072671 -0.02781436567 -5.067928225e-09 110 907797912
0.2824605486 -0.03894011616 -5.87254578e-09 111 109292962
0.2824605486 -0.03894011616 -5.87254578e-09 111 308840782
0.2894072671 -0.02781436567 -5.067928225e-09 111 515887945
0.2685671108 -0.05006586758 -4.75719909e-09 111 726910039
0.2407802335 -0.03894011786 -4.52537972e-09 111 897015778
0.2407802335 -0.03894011786 -4.52537972e-09 112 110060329
0.240780234 -0.05006586883 -3.762278301e-09 112 312479752
0.2546736719 -0.03894011741 -4.87776726e-09 112 526549041
0.2685671096 -0.02781436688 -4.104455994e-09 112 709513374
0.2546736707 -0.01668861897 -4.812547909e-09 112 907539599
0.2407802324 -0.01668861978 -4.170307813e-09 113 139736640
0.2407802324 -0.01668861978 -4.170307813e-09 113 309792280
0.2268867951 -0.03894011866 -3.882993049e-09 113 526432784
0.1990999188 -0.05006587088 -2.124906175e-09 113 716430257
0.1921531988 -0.02781437023 -1.441714692e-09 113 907433099
0.1852064801 -0.03894012072 -2.245836472e-09 114 109784827
0.1643663229 -0.05006587181 -1.388747204e-09 114 316397645
0.1852064796 -0.02781437063 -1.120564466e-09 114 522433612
0.1990999184 -0.03894011991 -2.888218834e-09 114 706164968
0.1643663229 -0.05006587181 -1.388747204e-09 114 909048213
0.1365794461 -0.05006587306 -3.938264159e-10 115 107646703
0.1365794461 -0.05006587306 -3.938264159e-10 115 327810026
0.1296327269 -0.0500658731 -3.625934136e-10 115 513350941
0.1365794458 -0.03894012209 -1.15746672e-09 115 708228138
0.1087925693 -0.05006587358 2.110472908e-11 115 907325316
0.1087925693 -0.05006587358 2.110472908e-11 116 106427359
0.1087925693 -0.05006587358 2.110472908e-11 116 313572442
0.1296327263 -0.0278143724 2.887097783e-10 116 533037475
0.1435261647 -0.02781437196 -6.360878317e-11 116 707372643
0.129632726 -0.01668862405 -7.723516722e-10 116 906513235
0.129632726 -0.01668862405 -7.723516722e-10 117 105199637
0.129632726 -0.01668862405 -7.723516722e-10 117 308189862
0.143526164 -0.005562873942 -2.036900401e-09 117 525741693
0.1296327263 -0.0278143724 2.887097783e-10 117 710040128
0.07405897301 -0.02781437308 8.280038686e-10 117 909019997
0.05321881552 -0.02781437356 1.211482144e-09 118 108494248
0.05321881552 -0.02781437356 1.211482144e-09 118 319524581
0.06016553469 -0.02781437352 1.180318119e-09 118 526264911
0.06016553469 -0.02781437352 1.180318119e-09 118 704688653
-0.009301656983 -0.03894012364 7.767878007e-11 118 911405461
-0.01624837616 -0.03894012404 3.988678034e-10 119 118917749
-0.009301656962 -0.02781437391 1.491936814e-09 119 312561715
0.02543193881 -0.01668862536 2.745249722e-10 119 536399184
0.02543193886 -0.02781437372 1.336129622e-09 119 709261773
-0.002354937789 -0.01668862588 6.890163821e-10 119 906290813
0.01153850051 -0.0166886258 6.267659326e-10 120 97000172
-0.009301656942 -0.01668862556 4.301554078e-10 120 316091806
0.02543193869 0.005562875339 9.247503891e-10 120 523018643
0.03237865782 0.005562875014 1.183684654e-09 120 709162165
0.004591781326 0.01668862525 -1.85099101e-10 120 908613604
-0.009301656901 0.005562875144 1.080018693e-09 121 108007516
-0.009301656881 0.01668862517 -1.230642064e-10 121 317874689
-0.002354937776 0.01668862485 1.359088588e-10 121 517334217
-0.009301656901 0.005562875144 1.080018693e-09 121 708752826
-0.01624837602 0.005562875105 1.11107063e-09 121 903068191
-0.03014181432 -0.005562875647 -6.796639042e-10 122 107815732
-0.009301656881 0.01668862517 -1.230642064e-10 122 314096264
-0.01624837602 0.005562875105 1.11107063e-09 122 526094162
-0.03014181426 0.005562875027 1.173174503e-09 122 703311146
-0.03708853338 0.005562875352 9.142359274e-10 122 905848179
-0.0440352525 0.005562875313 9.452921748e-10 123 109861409
-0.0440352525 0.005562875313 9.452921748e-10 123 320006050
-0.0440352525 0.005562875313 9.452921748e-10 123 527337570
-0.05792869073 0.0055628756 7.174055356e-10 123 706764796
-0.07876884809 0.005562875847 5.20570833e-10 123 904755745
-0.08571556702 0.01668862584 -6.518567491e-10 124 100390657
-0.07182212881 0.01668862555 -4.238968222e-10 124 313989112
-0.05792869048 0.02781437572 6.380814471e-10 124 531603982
-0.05792869048 0.02781437572 6.380814471e-10 124 709485968
-0.09266228633 0.005562876133 2.926841942e-10 124 906894208
-0.07876884792 0.01668862551 -3.928793749e-10 125 127611730
-0.09266228633 0.005562876133 2.926841942e-10 125 314223814
-0.09266228633 0.005562876133 2.926841942e-10 125 512833536
-0.08571556702 0.01668862584 -6.518567491e-10 125 715798758
-0.1065557246 0.005562876055 3.54788067e-10 125 910861321
-0.1273958822 -0.005562874372 -1.694384955e-09 126 109286036
-0.1135024437 0.005562876381 9.584518075e-11 126 332827177
-0.1135024434 0.01668862604 -8.177860923e-10 126 512723924
-0.1065557243 0.01668862608 -8.487992288e-10 126 709158377
-0.1204491628 0.005562876342 1.268971169e-10 126 900736116
-0.1412893205 -0.005562873722 -2.212188817e-09 127 112851187
-0.1482360396 -0.005562873761 -2.181102392e-09 127 311242769
-0.1343426007 0.01668862666 -1.304719085e-09 127 525308931
-0.1273958816 0.01668862669 -1.335736532e-09 127 708667367
-0.1204491625 0.01668862637 -1.076763468e-09 127 914175214
-0.1482360396 -0.005562873761 -2.181102392e-09 128 105693659
-0.1482360393 0.005562877279 -6.188666728e-10 128 309164929
-0.1343426007 0.01668862666 -1.304719085e-09 128 521937317
-0.1273958816 0.01668862669 -1.335736532e-09 128 706676992
-0.1343426007 0.01668862666 -1.304719085e-09 128 907148488
-0.1343426007 0.01668862666 -1.304719085e-09 129 109054485
-0.1343426007 0.01668862666 -1.304719085e-09 129 316223182
-0.1273958814 0.02781437679 -2.120854985e-10 129 517955145
-0.1273958816 0.01668862669 -1.335736532e-09 129 702192248
-0.1273958811 0.03894012609 -8.357909261e-10 129 906461399
-0.1482360386 0.0278143774 -6.991262673e-10 130 109169713
-0.1482360386 0.0278143774 -6.991262673e-10 130 311167590
-0.1551827577 0.02781437773 -9.581381313e-10 130 524850626
-0.148236039 0.01668862694 -1.532679011e-09 130 709220727
-0.1482360386 0.0278143774 -6.991262673e-10 130 902747469
-0.1621294772 0.01668862759 -2.050633763e-09 131 113747909
-0.1621294772 0.01668862759 -2.050633763e-09 131 317848077
-0.1551827577 0.02781437773 -9.581381313e-10 131 525921923
-0.1551827581 0.01668862727 -1.791656387e-09 131 712571818
-0.1482360383 0.0389401267 -1.322939473e-09 131 911068981
-0.1551827577 0.02781437773 -9.581381313e-10 132 108782289
-0.1690761963 0.01668862755 -2.019620625e-09 132 304653407
-0.1690761959 0.02781437801 -1.186175659e-09 132 522135178
-0.1690761963 0.01668862755 -2.019620625e-09 132 708526180
-0.1760229154 0.01668862824 -2.568584203e-09 132 905611575
-0.1690761959 0.02781437801 -1.186175659e-09 133 109614069
-0.1760229154 0.01668862824 -2.568584203e-09 133 310817110
-0.1829696345 0.0166886282 -2.537571066e-09 133 526082549
-0.189916354 0.005562878502 -1.592530034e-09 133 705934383
-0.2038097927 -0.005562871887 -3.672358372e-09 133 908203882
-0.2038097922 0.005562879152 -2.110407185e-09 134 107625202
-0.2177032309 -0.005562871237 -4.190162234e-09 134 316425371
-0.1899163532 0.02781437899 -1.96321125e-09 134 524014301
-0.2038097922 0.005562879152 -2.110407185e-09 134 707361562
-0.189916354 0.005562878502 -1.592530034e-09 134 905811377
-0.1829696345 0.0166886282 -2.537571066e-09 135 101696321
-0.189916354 0.005562878502 -1.592530034e-09 135 316122001
-0.2038097922 0.005562879152 -2.110407185e-09 135 519537089
-0.2107565114 0.005562879478 -2.369350072e-09 135 706899287
-0.2524368272 -0.01668861927 -4.570335752e-09 135 918602019
-0.2524368266 -0.00556286961 -5.484686978e-09 136 106848782
-0.2593835458 -0.005562868921 -6.033585888e-09 136 306610247
-0.2385433868 0.0278143809 -3.486312411e-09 136 522275270
-0.2385433873 0.01668863044 -4.319395244e-09 136 708815124
-0.2246499496 0.005562879764 -2.597241021e-09 136 908371915
-0.2385433873 0.01668863044 -4.319395244e-09 137 118998749
-0.2385433878 0.005562880779 -3.405112995e-09 137 311402459
-0.2454901059 0.02781438123 -3.745324273e-09 137 524542669
-0.2385433873 0.01668863044 -4.319395244e-09 137 703652358
-0.2454901075 -0.005562869571 -5.515777714e-09 137 908406559
-0.2663302643 0.00556288208 -4.440875919e-09 138 106655950
-0.2663302649 -0.00556286896 -6.002499463e-09 138 313632526
-0.2871704198 0.03894013285 -6.213923438e-09 138 524758954
-0.2802237007 0.03894013216 -5.664882261e-09 138 710216193
-0.2732769822 0.02781438289 -5.071366552e-09 138 905790075
-0.2802237013 0.02781438286 -5.040383593e-09 139 100383401
-0.2871704204 0.02781438355 -5.58939028e-09 139 318604450
-0.2802237001 0.05006588204 -5.560697961e-09 139 522091558
-0.2802237007 0.03894013216 -5.664882261e-09 139 712517679
-0.2871704198 0.03894013285 -6.213923438e-09 139 907390836
-0.2941171395 0.02781438387 -5.848406455e-09 140 107079008
-0.3149572974 0.01668863475 -7.748127395e-09 140 313433825
-0.2663302608 0.07231738129 -6.142689406e-09 140 520988727
-0.2663302614 0.06119163032 -5.376962525e-09 140 709516754
-0.2593835418 0.07231738097 -5.88353527e-09 140 906328041
-0.2663302614 0.06119163032 -5.376962525e-09 141 105628901
-0.2941171389 0.03894013281 -6.18298359e-09 141 308040726
-0.2941171389 0.03894013281 -6.18298359e-09 141 519082565
-0.3080105777 0.02781438489 -6.656429317e-09 141 707269260
-0.3357974548 0.01668863609 -8.815054344e-09 141 904895234
-0.3288507349 0.02781438586 -7.43346922e-09 142 108792717
-0.335797454 0.02781438655 -7.982471597e-09 142 311762550
-0.3149572961 0.03894013415 -7.250126093e-09 142 522112690
-0.308010577 0.03894013382 -6.991079743e-09 142 705634671
-0.3288507342 0.03894013516 -8.058217937e-09 142 909277291
-0.3357974533 0.03894013585 -8.60725911e-09 143 118590003
-0.3496908922 0.0278143872 -8.500499634e-09 143 313751315
-0.3149572947 0.06119163296 -7.480807768e-09 143 523638158
-0.3288507335 0.05006588504 -7.954283673e-09 143 715639011
-0.356637609 0.06119163601 -9.905514395e-09 143 907143913
-0.3635843288 0.0500658874 -9.829699082e-09 144 105210325
-0.3774777677 0.03894013853 -1.074154412e-08 144 308669134
-0.3427441709 0.06119163499 -9.09728029e-09 144 518526900
-0.3496908899 0.06119163532 -9.356399933e-09 144 706146266
-0.3913712033 0.07231738934 -1.254748872e-08 144 904761871
-0.3983179223 0.07231739003 -1.309663768e-08 145 109037586
-0.4122113613 0.06119164007 -1.313846375e-08 145 308178259
-0.4052646423 0.06119163975 -1.287933549e-08 145 514998767
-0.4122113622 0.05006589114 -1.280327444e-08 145 709199118
-0.4122113595 0.0834431402 -1.322146089e-08 145 905696862
-0.4191580794 0.07231739137 -1.416410352e-08 146 106890297
-0.4122113595 0.0834431402 -1.322146089e-08 146 315479813
-0.4261047975 0.08344314158 -1.431983209e-08 146 520061950
-0.4191580785 0.08344314089 -1.377064434e-08 146 707621410
-0.4469449526 0.1056946434 -1.576076411e-08 146 905720225
-0.4538916726 0.09456889458 -1.670329895e-08 147 107432242
-0.4677851116 0.08344314499 -1.703497327e-08 147 305119921
-0.4538916726 0.09456889458 -1.670329895e-08 147 522518431
-0.4677851116 0.08344314499 -1.703497327e-08 147 702494946
-0.5164121447 0.08344314982 -2.087928755e-08 147 908889815
-0.5303055827 0.0834431512 -2.197766305e-08 148 105038604
-0.5094654246 0.0945689001 -2.109708982e-08 148 312147113
-0.4886252665 0.1056946476 -1.905631312e-08 148 522070324
-0.5094654246 0.0945689001 -2.109708982e-08 148 701194521
-0.5511457373 0.1056946538 -2.399965387e-08 148 904073943
-0.5511457373 0.1056946538 -2.399965387e-08 149 113996628
-0.5372522982 0.1168204023 -2.279828823e-08 149 310592586
-0.5511457361 0.1168204036 -2.389687498e-08 149 524393791
-0.5372522982 0.1168204023 -2.279828823e-08 149 707063830
-0.5789326107 0.1279461561 -2.70101069e-08 149 906211554
-0.5858793297 0.1279461568 -2.755943692e-08 150 110585800
-0.5997727689 0.1168204092 -2.832193765e-08 150 304453864
-0.5719858918 0.127946155 -2.617077774e-08 150 524533314
-0.5650391716 0.1390719049 -2.609872746e-08 150 715251765
-0.5928260447 0.1613234086 -2.896105193e-08 150 909098516
-0.6136662028 0.1501976598 -3.115051764e-08 151 109012009
-0.6136662042 0.1390719105 -3.052429022e-08 151 311036211
-0.6206129231 0.1390719116 -3.136364954e-08 151 525001457
-0.6136662042 0.1390719105 -3.052429022e-08 151 712660444
-0.6414530771 0.1613234141 -3.33871277e-08 151 908468858
-0.648399796 0.1613234152 -3.422656032e-08 152 112023271
-0.6692399556 0.1390719175 -3.607921574e-08 152 313097362
-0.6622932367 0.1390719168 -3.552984262e-08 152 526125897
-0.6553465163 0.150197665 -3.531692196e-08 152 696036353
-0.683133392 0.1501976685 -3.809452914e-08 152 907025306
-0.683133392 0.1501976685 -3.809452914e-08 153 109215810
-0.6970268299 0.1501976706 -3.97733254e-08 153 316130870
-0.683133389 0.1724491692 -3.745164982e-08 153 522072301
-0.6831333905 0.1613234194 -3.755374757e-08 153 706474292
-0.7039735472 0.1613234225 -4.007205405e-08 153 915254992
-0.7109202662 0.1613234232 -4.062149185e-08 154 100116100
-0.7109202662 0.1613234232 -4.062149185e-08 154 311026738
-0.6970268268 0.1724491713 -3.913059267e-08 154 527868612
-0.7109202677 0.1501976724 -4.116213115e-08 154 709038510
-0.7178669851 0.1613234243 -4.146092879e-08 154 907986110
-0.7109202646 0.1724491731 -4.051954069e-08 155 119663264
-0.7248137056 0.1501976745 -4.284092742e-08 155 327568022
-0.7178669851 0.1613234243 -4.146092879e-08 155 513876300
-0.724813704 0.1613234253 -4.230036139e-08 155 712972621
-0.7248137056 0.1501976745 -4.284092742e-08 155 912140376
-0.724813704 0.1613234253 -4.230036139e-08 156 113357219
-0.7109202646 0.1724491731 -4.051954069e-08 156 320917167
-0.7039735457 0.1724491724 -3.997006409e-08 156 522865436
-0.6900801064 0.183574919 -3.964643258e-08 156 711702782
-0.6970268253 0.1835749204 -4.077592468e-08 156 904766971
-0.6900801049 0.1947006689 -3.954436933e-08 157 112583547
-0.683133386 0.1947006678 -3.870482893e-08 157 316247264
-0.6831333875 0.1835749183 -3.909691718e-08 157 522890146
-0.683133386 0.1947006678 -3.870482893e-08 157 705908363
-0.662293228 0.205826416 -3.724397722e-08 157 909215750
-0.6553465092 0.2058264153 -3.669438853e-08 158 104747381
-0.6553465063 0.2280779151 -3.648991284e-08 158 310673471
-0.6483997903 0.2058264143 -3.585481365e-08 158 525140060
-0.6553465092 0.2058264153 -3.669438853e-08 158 715207509
-0.6206129122 0.2280779105 -3.287164868e-08 158 907534624
-0.5997727571 0.2169521575 -3.045522869e-08 159 109506091
-0.5858793194 0.2169521561 -2.935598666e-08 159 315831661
-0.6136661988 0.1835749096 -3.215182359e-08 159 512459788
-0.6275596365 0.1835749113 -3.354083629e-08 159 711628054
-0.599772761 0.1835749078 -3.076280661e-08 159 913669746
-0.6067194799 0.1835749085 -3.13123177e-08 160 112676112
-0.6067194799 0.1835749085 -3.13123177e-08 160 315052105
-0.6136662001 0.1724491605 -3.050691837e-08 160 521141539
-0.6136662001 0.1724491605 -3.050691837e-08 160 715073781
-0.599772761 0.1835749078 -3.076280661e-08 160 899142865
-0.5928260435 0.1724491581 -2.856849377e-08 161 121053751
-0.5928260422 0.1835749072 -3.021329122e-08 161 313790745
-0.599772761 0.1835749078 -3.076280661e-08 161 524108861
-0.5858793233 0.1835749061 -2.937378962e-08 161 711380340
-0.5858793233 0.1835749061 -2.937378962e-08 161 906671350
-0.5858793233 0.1835749061 -2.937378962e-08 162 114433055
-0.5928260422 0.1835749072 -3.021329122e-08 162 313083560
-0.5928260422 0.1835749072 -3.021329122e-08 162 523335118
-0.5858793233 0.1835749061 -2.937378962e-08 162 706677843
-0.5858793233 0.1835749061 -2.937378962e-08 162 906161812
-0.5719858843 0.1947006542 -2.78821015e-08 163 108024765
-0.5789326044 0.1835749054 -2.882427853e-08 163 311653834
-0.5511457265 0.2058264028 -2.671066261e-08 163 521812440
-0.5650391654 0.1947006536 -2.733255162e-08 163 705259343
-0.54419901 0.1835749016 -2.578671965e-08 163 908520108
-0.5441990088 0.1947006515 -2.568390196e-08 164 115042494
-0.5441990088 0.1947006515 -2.568390196e-08 164 327715119
-0.5511457277 0.1947006518 -2.594346134e-08 164 525963292
-0.5441990088 0.1947006515 -2.568390196e-08 164 705755835
-0.5511457277 0.1947006518 -2.594346134e-08 164 898552731
-0.5441990088 0.1947006515 -2.568390196e-08 165 105760843
-0.5441990088 0.1947006515 -2.568390196e-08 165 315744202
-0.5580924466 0.1947006529 -2.678299742e-08 165 524501167
-0.5511457265 0.2058264028 -2.671066261e-08 165 706665312
-0.5650391642 0.2058264045 -2.809982619e-08 165 909823212
-0.5580924441 0.216952153 -2.686750776e-08 166 112556980
-0.5580924441 0.216952153 -2.686750776e-08 166 304649458
-0.5650391629 0.216952154 -2.770712144e-08 166 527566338
-0.5511457253 0.2169521523 -2.631788459e-08 166 706294928
-0.5997727584 0.2058264083 -3.113774287e-08 166 909666753
-0.6136661961 0.2058264101 -3.252690214e-08 167 123764918
-0.6206129149 0.2058264108 -3.307648651e-08 167 306579713
-0.6275596338 0.2058264118 -3.391606139e-08 167 521295417
-0.6206129149 0.2058264108 -3.307648651e-08 167 699471613
-0.6067194786 0.1947006584 -3.120982332e-08 167 905937790
-0.5928260396 0.2058264077 -3.058815419e-08 168 105908339
-0.5928260396 0.2058264077 -3.058815419e-08 168 316672106
-0.5928260396 0.2058264077 -3.058815419e-08 168 522356122
-0.5858793207 0.205826407 -3.003856981e-08 168 706585608
-0.5858793207 0.205826407 -3.003856981e-08 168 905198112
-0.6067194786 0.1947006584 -3.120982332e-08 169 107953779
-0.5997727584 0.2058264083 -3.113774287e-08 169 322919069
-0.5997727584 0.2058264083 -3.113774287e-08 169 510486011
-0.5858793207 0.205826407 -3.003856981e-08 169 709703585
-0.5928260383 0.2169521572 -3.019559602e-08 169 911287569
-0.6067194773 0.205826409 -3.168732293e-08 170 115427548
-0.6206129163 0.1947006602 -3.259891361e-08 170 310920680
-0.6206129149 0.2058264108 -3.307648651e-08 170 521263728
-0.6275596352 0.1947006609 -3.314845919e-08 170 707696707
-0.6206129163 0.1947006602 -3.259891361e-08 170 914537678
-0.6275596352 0.1947006609 -3.314845919e-08 171 118522782
-0.5997727584 0.2058264083 -3.113774287e-08 171 325607211
-0.5997727584 0.2058264083 -3.113774287e-08 171 514529005
-0.6067194786 0.1947006584 -3.120982332e-08 171 698097102
-0.6206129149 0.2058264108 -3.307648651e-08 171 907161887
-0.6206129149 0.2058264108 -3.307648651e-08 172 105234272
-0.6136661961 0.2058264101 -3.252690214e-08 172 318467807
-0.6206129163 0.1947006602 -3.259891361e-08 172 510877245
-0.6136661961 0.2058264101 -3.252690214e-08 172 705770879
-0.6275596338 0.2058264118 -3.391606139e-08 172 907546518
-0.6275596338 0.2058264118 -3.391606139e-08 173 104232693
-0.6206129149 0.2058264108 -3.307648651e-08 173 318977353
-0.6136661948 0.2169521592 -3.184446123e-08 173 526256538
-0.6275596338 0.2058264118 -3.391606139e-08 173 708251568
-0.6275596338 0.2058264118 -3.391606139e-08 173 907002751
-0.6414530715 0.2058264136 -3.530522928e-08 174 112469881
-0.6275596324 0.216952161 -3.323368948e-08 174 329134273
-0.6206129136 0.2169521603 -3.268407062e-08 174 504128991
-0.6136661948 0.2169521592 -3.184446123e-08 174 707546836
-0.6275596324 0.216952161 -3.323368948e-08 174 907122760
-0.6345063512 0.216952162 -3.407331178e-08 175 106083856
-0.6345063512 0.216952162 -3.407331178e-08 175 308191736
-0.6136661934 0.2280779099 -3.232199103e-08 175 526909277
-0.6136661934 0.2280779099 -3.232199103e-08 175 705685617
-0.627559631 0.2280779116 -3.371129255e-08 175 900557652
-0.6345063499 0.2280779127 -3.455094935e-08 176 110821007
-0.6345063512 0.216952162 -3.407331178e-08 176 315017691
-0.6345063499 0.2280779127 -3.455094935e-08 176 523178110
-0.6345063512 0.216952162 -3.407331178e-08 176 707889625
-0.6345063499 0.2280779127 -3.455094935e-08 176 908235750
-0.6483997889 0.2169521638 -3.546254433e-08 177 108119132
-0.6553465077 0.2169521645 -3.601216318e-08 177 309524377
-0.6483997875 0.2280779144 -3.594025517e-08 177 529196926
-0.6483997889 0.2169521638 -3.546254433e-08 177 707513252
-0.6622932251 0.2280779161 -3.732956103e-08 177 905315113
-0.6553465049 0.2392036648 -3.740634631e-08 178 105616730
-0.6761866628 0.2280779179 -3.871886685e-08 178 321025441
-0.6275596297 0.2392036613 -3.462758807e-08 178 514937101
-0.6275596297 0.2392036613 -3.462758807e-08 178 701109472
-0.6345063471 0.2503294113 -3.580362405e-08 178 904609236
-0.6345063471 0.2503294113 -3.580362405e-08 179 111412771
-0.6553465049 0.2392036648 -3.740634631e-08 179 327179161
-0.6414530659 0.2503294119 -3.635335069e-08 179 510155062
-0.6414530659 0.2503294119 -3.635335069e-08 179 705742234
-0.6483997847 0.250329413 -3.719307215e-08 179 896443290
-0.6553465034 0.2503294137 -3.774279879e-08 180 110860174
-0.6622932222 0.2503294147 -3.858252026e-08 180 333495239
-0.6483997847 0.250329413 -3.719307215e-08 180 511647956
-0.6553465034 0.2503294137 -3.774279879e-08 180 703482287
-0.6622932208 0.2614551644 -3.949899685e-08 180 905942027
-0.6622932208 0.2614551644 -3.949899685e-08 181 105052611
-0.655346502 0.2614551637 -3.89492314e-08 181 299896090
-0.6622932222 0.2503294147 -3.858252026e-08 181 535996353
-0.6761866598 0.2503294165 -3.997196835e-08 181 706151160
-0.6900800959 0.2614551679 -4.227804393e-08 181 905155600
-0.6970268146 0.2614551693 -4.340779039e-08 182 107463909
-0.6900800943 0.2725809185 -4.275597462e-08 182 315156676
-0.7039735334 0.26145517 -4.395756448e-08 182 525507126
-0.6970268146 0.2614551693 -4.340779039e-08 182 705772943
-0.7109202506 0.2725809217 -4.527535458e-08 182 906303328
-0.6970268131 0.2725809199 -4.388575559e-08 183 111289110
-0.6900800928 0.2837066684 -4.265391143e-08 183 313946383
-0.7039735303 0.2837066705 -4.43335742e-08 183 525002940
-0.7109202491 0.2837066712 -4.488340863e-08 183 711387147
-0.6900800898 0.3059581677 -4.448714913e-08 183 907937862
-0.6761866509 0.3170839159 -4.299520667e-08 184 109120622
-0.6761866509 0.3170839159 -4.299520667e-08 184 314946864
-0.6692399337 0.3059581649 -4.225744066e-08 184 511528660
-0.6622932135 0.3170839141 -4.160532746e-08 184 711803135
-0.6692399308 0.3282096648 -4.336177128e-08 184 926023554
-0.6622932121 0.3282096638 -4.252179975e-08 185 115878872
-0.6553464934 0.3282096631 -4.197181444e-08 185 307276173
-0.6970268085 0.3059581688 -4.532705167e-08 185 516929731
-0.7039735272 0.3059581698 -4.616695848e-08 185 708271900
-0.6900800898 0.3059581677 -4.448714913e-08 185 912422503
-0.6900800898 0.3059581677 -4.448714913e-08 186 110737219
-0.69702681 0.2948324197 -4.368171103e-08 186 321130076
-0.6831333711 0.3059581667 -4.364724662e-08 186 513928110
-0.6831333726 0.2948324176 -4.200197926e-08 186 698015696
-0.6831333741 0.2837066673 -4.181408217e-08 186 906517296
-0.6900800913 0.2948324183 -4.255185679e-08 187 105082881
-0.6831333726 0.2948324176 -4.200197926e-08 187 324057466
-0.6692399352 0.2948324158 -4.061224232e-08 187 519681488
-0.6761866539 0.2948324165 -4.116211555e-08 187 707576556
-0.6692399337 0.3059581649 -4.225744066e-08 187 904884090
-0.6692399337 0.3059581649 -4.225744066e-08 188 99704255
-0.6831333726 0.2948324176 -4.200197926e-08 188 323184992
-0.6900800913 0.2948324183 -4.255185679e-08 188 525999690
-0.69702681 0.2948324197 -4.368171103e-08 188 708650851
-0.6970268116 0.2837066695 -4.349374066e-08 188 906648886
-0.6900800928 0.2837066684 -4.265391143e-08 189 106534896
-0.69702681 0.2948324197 -4.368171103e-08 189 321004692
-0.6970268131 0.2725809199 -4.388575559e-08 189 516645818
-0.6970268131 0.2725809199 -4.388575559e-08 189 706720690
-0.7109202491 0.2837066712 -4.488340863e-08 189 910295909
-0.7178669678 0.2837066723 -4.572324647e-08 190 112816765
-0.7178669678 0.2837066723 -4.572324647e-08 190 319764280
-0.7178669694 0.2725809224 -4.582516314e-08 190 523149891
-0.7178669694 0.2725809224 -4.582516314e-08 190 705799714
-0.7317604037 0.2948324243 -4.730106157e-08 190 905807758
-0.7248136849 0.2948324236 -4.675118404e-08 191 126755528
-0.7248136849 0.2948324236 -4.675118404e-08 191 314575078
-0.7178669662 0.2948324221 -4.562132982e-08 191 520834216
-0.7178669662 0.2948324221 -4.562132982e-08 191 705159452
-0.7109202475 0.2948324215 -4.507145229e-08 191 906885146
-0.7109202459 0.3059581705 -4.671686621e-08 192 98732933
-0.7178669662 0.2948324221 -4.562132982e-08 192 307477239
-0.7317604037 0.2948324243 -4.730106157e-08 192 519848884
-0.7317604053 0.2837066744 -4.740290496e-08 192 704812862
-0.7526005615 0.2837066772 -4.963239786e-08 192 915718905
-0.7526005631 0.2725809277 -5.002412826e-08 193 110495361
-0.7664940006 0.2725809294 -5.141373155e-08 193 320675395
-0.7526005631 0.2725809277 -5.002412826e-08 193 515747864
-0.7595472835 0.2614551781 -5.03856302e-08 193 706138328
-0.7664940006 0.2725809294 -5.141373155e-08 193 910155601
-0.7595472819 0.2725809287 -5.086391872e-08 194 108132803
-0.7734407194 0.2725809308 -5.254351251e-08 194 308812802
-0.7526005615 0.2837066772 -4.963239786e-08 194 521805925
-0.7456538427 0.2837066765 -4.908255913e-08 194 713755716
-0.7456538411 0.2948324264 -4.898078904e-08 194 895505217
-0.7526005615 0.2837066772 -4.963239786e-08 195 110609426
-0.7595472802 0.2837066786 -5.076221762e-08 195 330609860
-0.7526005598 0.2948324274 -4.982065707e-08 195 522542577
-0.7387071224 0.2948324253 -4.81409253e-08 195 707425956
-0.7526005615 0.2837066772 -4.963239786e-08 195 910132782
-0.7526005615 0.2837066772 -4.963239786e-08 196 107382553
-0.7526005615 0.2837066772 -4.963239786e-08 196 325458559
-0.7456538411 0.2948324264 -4.898078904e-08 196 522761603
-0.7387071224 0.2948324253 -4.81409253e-08 196 710355616
-0.7526005598 0.2948324274 -4.982065707e-08 196 905958655
-0.7526005598 0.2948324274 -4.982065707e-08 197 116294748
-0.7526005598 0.2948324274 -4.982065707e-08 197 306838583
-0.7526005598 0.2948324274 -4.982065707e-08 197 520206555
-0.7664939956 0.3059581786 -5.314609591e-08 197 710000588
-0.78733415 0.317083932 -5.585423946e-08 197 905070761
-0.7942808704 0.3059581828 -5.650570173e-08 198 104702564
-0.8081743061 0.3170839356 -5.866404534e-08 198 305767689
-0.7803874364 0.2837066814 -5.299172776e-08 198 525639980
-0.7873341535 0.2948324327 -5.401999295e-08 198 708586797
-0.773440716 0.2948324306 -5.234025691e-08 198 902830113
-0.7664939973 0.2948324295 -5.150039745e-08 199 105235965
-0.7526005598 0.2948324274 -4.982065707e-08 199 315931009
-0.7317604021 0.3059581737 -4.923657379e-08 199 518809298
-0.7317604021 0.3059581737 -4.923657379e-08 199 703567641
-0.7317604005 0.3170839236 -4.91347347e-08 199 906438403
-0.7387071192 0.3170839246 -4.997466743e-08 200 106284646
-0.7317604005 0.3170839236 -4.91347347e-08 200 299722992
-0.7595472769 0.3059581779 -5.259617528e-08 200 518151856
-0.7873341483 0.3282096817 -5.677135845e-08 200 705587151
-0.8012275874 0.3170839341 -5.753411353e-08 200 904656400
-0.815121023 0.3282096859 -6.013126172e-08 201 115258020
-0.815121023 0.3282096859 -6.013126172e-08 201 313114486
-0.8012275892 0.3059581843 -5.763559474e-08 201 517277177
-0.8012275909 0.2948324348 -5.569972475e-08 201 695752954
-0.7942808739 0.2837066835 -5.467138625e-08 201 905385655
-0.8081743079 0.3059581853 -5.847549731e-08 202 109658212
-0.8012275892 0.3059581843 -5.763559474e-08 202 309186578
-0.8012275874 0.3170839341 -5.753411353e-08 202 518830084
-0.7942808704 0.3059581828 -5.650570173e-08 202 703884870
-0.7873341517 0.3059581821 -5.595579403e-08 202 901297670
-0.7873341535 0.2948324327 -5.401999295e-08 203 104692898
-0.7942808722 0.2948324337 -5.485986099e-08 203 314267656
-0.8012275909 0.2948324348 -5.569972475e-08 203 513684070
-0.7873341535 0.2948324327 -5.401999295e-08 203 705197883
-0.7942808704 0.3059581828 -5.650570173e-08 203 906145158
-0.7942808704 0.3059581828 -5.650570173e-08 204 106154406
-0.8012275892 0.3059581843 -5.763559474e-08 204 334909182
-0.7942808722 0.2948324337 -5.485986099e-08 204 519708855
-0.7942808722 0.2948324337 -5.485986099e-08 204 707358957
-0.780387433 0.3059581807 -5.482590096e-08 204 904454630
-0.7664939956 0.3059581786 -5.314609591e-08 205 106164853
-0.780387433 0.3059581807 -5.482590096e-08 205 313263690
-0.7803874313 0.317083931 -5.501430245e-08 205 524123462
-0.7664939939 0.3170839289 -5.333442413e-08 205 707503202
-0.7873341517 0.3059581821 -5.595579403e-08 205 910566114
-0.8012275892 0.3059581843 -5.763559474e-08 206 113998657
-0.8012275892 0.3059581843 -5.763559474e-08 206 315937499
-0.8151210284 0.2948324369 -5.737946082e-08 206 529831852
-0.8151210284 0.2948324369 -5.737946082e-08 206 713451767
-0.8220677471 0.2948324383 -5.850931939e-08 206 919763285
-0.8220677453 0.3059581874 -6.015530665e-08 207 104052198
-0.8220677471 0.2948324383 -5.850931939e-08 207 329872489
-0.7942808704 0.3059581828 -5.650570173e-08 207 530035623
-0.8012275909 0.2948324348 -5.569972475e-08 207 722495036
-0.8012275909 0.2948324348 -5.569972475e-08 207 910914350
-0.7873341517 0.3059581821 -5.595579403e-08 208 110194492
-0.78733415 0.317083932 -5.585423946e-08 208 313869686
-0.7873341517 0.3059581821 -5.595579403e-08 208 512933879
-0.7803874313 0.317083931 -5.501430245e-08 208 710309673
-0.8220677471 0.2948324383 -5.850931939e-08 208 909483953
-0.8081743096 0.2948324362 -5.682958329e-08 209 126395612
-0.7942808722 0.2948324337 -5.485986099e-08 209 315397505
-0.7942808722 0.2948324337 -5.485986099e-08 209 526323288
-0.7942808722 0.2948324337 -5.485986099e-08 209 705954341
-0.7942808722 0.2948324337 -5.485986099e-08 209 907938678
-0.7942808739 0.2837066835 -5.467138625e-08 210 109218470
-0.8012275909 0.2948324348 -5.569972475e-08 210 315763233
-0.7942808722 0.2948324337 -5.485986099e-08 210 525749138
-0.7942808722 0.2948324337 -5.485986099e-08 210 707481199
-0.7873341535 0.2948324327 -5.401999295e-08 210 907662750
-0.780387433 0.3059581807 -5.482590096e-08 211 113592078
-0.780387433 0.3059581807 -5.482590096e-08 211 313506453
-0.773440716 0.2948324306 -5.234025691e-08 211 524219889
-0.7803874347 0.2948324316 -5.318012924e-08 211 710800822
-0.7734407143 0.30595818 -5.427598465e-08 211 906320009
-0.7734407143 0.30595818 -5.427598465e-08 212 109843511
-0.7734407143 0.30595818 -5.427598465e-08 212 314137423
-0.7734407143 0.30595818 -5.427598465e-08 212 519142533
-0.7734407126 0.3170839299 -5.417436114e-08 212 710656044
-0.7664939956 0.3059581786 -5.314609591e-08 212 906317041
-0.7664939939 0.3170839289 -5.333442413e-08 213 107830369
-0.7595472769 0.3059581779 -5.259617528e-08 213 314064369
-0.7803874347 0.2948324316 -5.318012924e-08 213 517505377
-0.7803874347 0.2948324316 -5.318012924e-08 213 719892105
-0.7664939956 0.3059581786 -5.314609591e-08 213 896927363
-0.7595472769 0.3059581779 -5.259617528e-08 214 103814103
-0.7664939956 0.3059581786 -5.314609591e-08 214 308885702
-0.7873341535 0.2948324327 -5.401999295e-08 214 525383067
-0.7942808722 0.2948324337 -5.485986099e-08 214 707236034
-0.7942808739 0.2837066835 -5.467138625e-08 214 906127290
-0.7942808739 0.2837066835 -5.467138625e-08 215 113096721
-0.8012275927 0.2837066846 -5.551121549e-08 215 295753134
-0.780387433 0.3059581807 -5.482590096e-08 215 522209842
-0.7873341535 0.2948324327 -5.401999295e-08 215 713772541
-0.7942808722 0.2948324337 -5.485986099e-08 215 905119491
-0.7873341517 0.3059581821 -5.595579403e-08 216 107725416
-0.8151210301 0.2837066867 -5.719087828e-08 216 314152670
-0.7873341535 0.2948324327 -5.401999295e-08 216 529246064
-0.7873341552 0.2837066828 -5.412154752e-08 216 699642434
-0.7873341535 0.2948324327 -5.401999295e-08 216 906662526
-0.7873341535 0.2948324327 -5.401999295e-08 217 111543653
-0.7734407143 0.30595818 -5.427598465e-08 217 321607912
-0.7595472769 0.3059581779 -5.259617528e-08 217 508735857
-0.773440716 0.2948324306 -5.234025691e-08 217 707478388
-0.7734407143 0.30595818 -5.427598465e-08 217 905999461
-0.7526005582 0.3059581765 -5.146628654e-08 218 108783619
-0.7595472769 0.3059581779 -5.259617528e-08 218 312362203
-0.7664939956 0.3059581786 -5.314609591e-08 218 515539130
-0.773440716 0.2948324306 -5.234025691e-08 218 725642294
-0.7664939973 0.2948324295 -5.150039745e-08 218 908584476
-0.773440716 0.2948324306 -5.234025691e-08 219 125519926
-0.773440716 0.2948324306 -5.234025691e-08 219 318154003
-0.7595472786 0.2948324285 -5.066052081e-08 219 525904648
-0.7595472769 0.3059581779 -5.259617528e-08 219 709692303
-0.7526005598 0.2948324274 -4.982065707e-08 219 911499358
-0.7595472786 0.2948324285 -5.066052081e-08 220 107031760
-0.7526005598 0.2948324274 -4.982065707e-08 220 313889374
-0.7526005582 0.3059581765 -5.146628654e-08 220 532350383
-0.7526005582 0.3059581765 -5.146628654e-08 220 695517598
-0.7456538395 0.3059581758 -5.091637456e-08 220 907020112
-0.7595472769 0.3059581779 -5.259617528e-08 221 121410696
-0.7456538379 0.3170839257 -5.081460444e-08 221 313701513
-0.7595472769 0.3059581779 -5.259617528e-08 221 524747952
-0.7456538395 0.3059581758 -5.091637456e-08 221 710659978
-0.7456538395 0.3059581758 -5.091637456e-08 221 908491036
-0.7526005582 0.3059581765 -5.146628654e-08 222 99884853
-0.7456538395 0.3059581758 -5.091637456e-08 222 315524724
-0.7387071208 0.3059581744 -4.978648149e-08 222 525475834
-0.7526005598 0.2948324274 -4.982065707e-08 222 709257069
-0.7456538395 0.3059581758 -5.091637456e-08 222 907688547
-0.7387071208 0.3059581744 -4.978648149e-08 223 106083807
-0.7387071208 0.3059581744 -4.978648149e-08 223 314001239
-0.7387071192 0.3170839246 -4.997466743e-08 223 516403803
-0.7387071192 0.3170839246 -4.997466743e-08 223 707098659
-0.7456538379 0.3170839257 -5.081460444e-08 223 906948311
-0.7456538379 0.3170839257 -5.081460444e-08 224 109451190
-0.7248136802 0.3282096726 -4.950157953e-08 224 316452308
-0.7526005582 0.3059581765 -5.146628654e-08 224 525229012
-0.7664939923 0.3282096785 -5.425143962e-08 224 706039548
-0.7595472769 0.3059581779 -5.259617528e-08 224 905179398
-0.7456538395 0.3059581758 -5.091637456e-08 225 105029977
-0.7526005565 0.3170839268 -5.165454145e-08 225 310916582
-0.7456538395 0.3059581758 -5.091637456e-08 225 521544362
-0.7387071208 0.3059581744 -4.978648149e-08 225 705350619
-0.7317604037 0.2948324243 -4.730106157e-08 225 903467947
-0.7387071224 0.2948324253 -4.81409253e-08 226 103490249
-0.7387071208 0.3059581744 -4.978648149e-08 226 307249226
-0.7317604021 0.3059581737 -4.923657379e-08 226 522399580
-0.7317604021 0.3059581737 -4.923657379e-08 226 707905816
-0.7248136834 0.3059581726 -4.839666695e-08 226 904521700
-0.7248136834 0.3059581726 -4.839666695e-08 227 128795995
-0.7178669646 0.3059581716 -4.755676875e-08 227 316658338
-0.7248136834 0.3059581726 -4.839666695e-08 227 511520254
-0.7178669631 0.3170839215 -4.745485638e-08 227 709491157
-0.7178669646 0.3059581716 -4.755676875e-08 227 908737542
-0.7109202444 0.3170839208 -4.690490554e-08 228 105466831
-0.7039735257 0.3170839197 -4.606497286e-08 228 315447674
-0.6970268085 0.3059581688 -4.532705167e-08 228 526750756
-0.7039735288 0.2948324204 -4.423158853e-08 228 706019534
-0.6970268085 0.3059581688 -4.532705167e-08 228 896202428
-0.6831333696 0.3170839169 -4.383514368e-08 229 106352067
-0.6761866524 0.305958166 -4.309733459e-08 229 310319672
-0.6831333711 0.3059581667 -4.364724662e-08 229 525384521
-0.6900800898 0.3059581677 -4.448714913e-08 229 704176943
-0.6831333711 0.3059581667 -4.364724662e-08 229 906612718
-0.6831333696 0.3170839169 -4.383514368e-08 230 109988025
-0.6692399322 0.3170839152 -4.244526447e-08 230 309510658
-0.662293215 0.3059581642 -4.170752865e-08 230 544511593
-0.6761866524 0.305958166 -4.309733459e-08 230 707156713
-0.6761866539 0.2948324165 -4.116211555e-08 230 905166214
-0.662293215 0.3059581642 -4.170752865e-08 231 114052595
-0.6692399337 0.3059581649 -4.225744066e-08 231 318634642
-0.6831333726 0.2948324176 -4.200197926e-08 231 527864114
-0.6692399337 0.3059581649 -4.225744066e-08 231 713337309
-0.6692399337 0.3059581649 -4.225744066e-08 231 912908137
-0.662293215 0.3059581642 -4.170752865e-08 232 108034464
-0.6692399337 0.3059581649 -4.225744066e-08 232 313553001
-0.6761866539 0.2948324165 -4.116211555e-08 232 526803940
-0.662293215 0.3059581642 -4.170752865e-08 232 715554828
-0.6553464963 0.3059581632 -4.086762612e-08 232 902203542
-0.6692399352 0.2948324158 -4.061224232e-08 233 127263962
-0.6622932164 0.2948324148 -3.977237858e-08 233 321662817
-0.6692399352 0.2948324158 -4.061224232e-08 233 524325813
-0.6831333726 0.2948324176 -4.200197926e-08 233 709703549
-0.6761866539 0.2948324165 -4.116211555e-08 233 910520783
-0.6692399366 0.2837066656 -4.042441851e-08 234 109589916
-0.6831333741 0.2837066673 -4.181408217e-08 234 297265632
-0.6761866554 0.2837066667 -4.126424344e-08 234 534954228
-0.6761866554 0.2837066667 -4.126424344e-08 234 706931835
-0.6692399366 0.2837066656 -4.042441851e-08 234 908894427
-0.6622932179 0.2837066649 -3.987457978e-08 235 107139017
-0.6761866554 0.2837066667 -4.126424344e-08 235 313941665
-0.6622932164 0.2948324148 -3.977237858e-08 235 517520463
-0.6345063415 0.2948324113 -3.699290468e-08 235 713248203
-0.6345063415 0.2948324113 -3.699290468e-08 235 912323200
-0.6414530603 0.2948324124 -3.783276409e-08 236 110213895
-0.6345063415 0.2948324113 -3.699290468e-08 236 318026506
-0.6345063401 0.3059581608 -3.89279082e-08 236 524590839
-0.6345063401 0.3059581608 -3.89279082e-08 236 703297108
-0.6345063415 0.2948324113 -3.699290468e-08 236 910956504
-0.6275596228 0.2948324106 -3.644301855e-08 237 105776564
-0.6275596228 0.2948324106 -3.644301855e-08 237 308919740
-0.6275596228 0.2948324106 -3.644301855e-08 237 526822464
-0.6345063415 0.2948324113 -3.699290468e-08 237 705915580
-0.6206129041 0.2948324096 -3.560315912e-08 237 909228260
-0.613666184 0.305958158 -3.669819543e-08 238 107382141
-0.6067194653 0.3059581573 -3.614828342e-08 238 306815846
-0.613666184 0.305958158 -3.669819543e-08 238 529290968
-0.6136661827 0.3170839082 -3.688573039e-08 238 707861367
-0.5928260253 0.3282096554 -3.586201486e-08 238 904500564
-0.5858793079 0.3170839051 -3.439596247e-08 239 127176056
-0.5928260279 0.3059581559 -3.504846369e-08 239 314766812
-0.6067194666 0.2948324078 -3.421342218e-08 239 524974506
-0.6136661854 0.2948324089 -3.505328591e-08 239 704792266
-0.6067194666 0.2948324078 -3.421342218e-08 239 909894073
-0.6136661854 0.2948324089 -3.505328591e-08 240 105497144
-0.6067194666 0.2948324078 -3.421342218e-08 240 307797959
-0.606719468 0.2837066579 -3.431590789e-08 240 523361214
-0.6067194666 0.2948324078 -3.421342218e-08 240 713938582
-0.5928260279 0.3059581559 -3.504846369e-08 240 917352999
-0.5858793105 0.2948324057 -3.256380254e-08 241 103547606
-0.5928260279 0.3059581559 -3.504846369e-08 241 317741735
-0.5928260292 0.2948324064 -3.311367575e-08 241 524933164
-0.5928260292 0.2948324064 -3.311367575e-08 241 708965875
-0.5858793105 0.2948324057 -3.256380254e-08 241 915832014
-0.5858793105 0.2948324057 -3.256380254e-08 242 110025624
-0.5789325905 0.3059581541 -3.365865775e-08 242 313908664
-0.5997727492 0.2837066569 -3.347608299e-08 242 517708304
-0.606719468 0.2837066579 -3.431590789e-08 242 711814349
-0.5928260292 0.2948324064 -3.311367575e-08 242 906018469
-0.606719468 0.2837066579 -3.431590789e-08 243 104838497
-0.5997727479 0.2948324071 -3.366354898e-08 243 322530934
-0.6136661867 0.2837066586 -3.486575095e-08 243 528555480
-0.6136661867 0.2837066586 -3.486575095e-08 243 706903124
-0.606719468 0.2837066579 -3.431590789e-08 243 896649202
-0.5997727492 0.2837066569 -3.347608299e-08 244 104248575
-0.5928260292 0.2948324064 -3.311367575e-08 244 318427214
-0.5928260292 0.2948324064 -3.311367575e-08 244 527095410
-0.5928260292 0.2948324064 -3.311367575e-08 244 709076391
-0.5858793105 0.2948324057 -3.256380254e-08 244 917630346
-0.5789325917 0.2948324047 -3.172394311e-08 245 107645515
-0.5858793117 0.2837066555 -3.237640983e-08 245 309875514
-0.5997727492 0.2837066569 -3.347608299e-08 245 521154837
-0.606719468 0.2837066579 -3.431590789e-08 245 707243462
-0.606719468 0.2837066579 -3.431590789e-08 245 905845882
-0.606719468 0.2837066579 -3.431590789e-08 246 109421308
-0.6206129068 0.2725809098 -3.580799693e-08 246 316306089
-0.6136661867 0.2837066586 -3.486575095e-08 246 518882782
-0.5997727492 0.2837066569 -3.347608299e-08 246 706079766
-0.5997727505 0.272580907 -3.357861181e-08 246 904507069
-0.5997727505 0.272580907 -3.357861181e-08 247 111777219
-0.6067194693 0.272580908 -3.441840224e-08 247 316047922
-0.6067194693 0.272580908 -3.441840224e-08 247 528226500
-0.6067194693 0.272580908 -3.441840224e-08 247 709777005
-0.5997727505 0.272580907 -3.357861181e-08 247 899685138
-0.6067194693 0.272580908 -3.441840224e-08 248 107430666
-0.6067194693 0.272580908 -3.441840224e-08 248 305770600
-0.5997727518 0.2614551567 -3.339114152e-08 248 519632654
-0.5997727505 0.272580907 -3.357861181e-08 248 708517719
-0.5997727505 0.272580907 -3.357861181e-08 248 909919236
-0.5997727492 0.2837066569 -3.347608299e-08 249 109212908
-0.5928260318 0.2725809067 -3.331879808e-08 249 304919004
-0.5928260318 0.2725809067 -3.331879808e-08 249 524492094
-0.5928260318 0.2725809067 -3.331879808e-08 249 706111216
-0.5997727492 0.2837066569 -3.347608299e-08 249 917514377
-0.613666188 0.2725809087 -3.49682065e-08 250 109460340
-0.606719468 0.2837066579 -3.431590789e-08 250 314359418
-0.613666188 0.2725809087 -3.49682065e-08 250 527738209
-0.6206129068 0.2725809098 -3.580799693e-08 250 704726388
-0.6067194706 0.2614551574 -3.394090697e-08 250 904682288
-0.6067194693 0.272580908 -3.441840224e-08 251 123085594
-0.5928260305 0.2837066562 -3.292624426e-08 251 313719271
-0.5997727505 0.272580907 -3.357861181e-08 251 528286475
-0.5928260305 0.2837066562 -3.292624426e-08 251 711571994
-0.5928260318 0.2725809067 -3.331879808e-08 251 910294804
-0.5928260318 0.2725809067 -3.331879808e-08 252 111854888
-0.5928260318 0.2725809067 -3.331879808e-08 252 316737057
-0.5858793117 0.2837066555 -3.237640983e-08 252 524374022
-0.5928260305 0.2837066562 -3.292624426e-08 252 710491914
-0.5997727505 0.272580907 -3.357861181e-08 252 910141567
-0.5928260305 0.2837066562 -3.292624426e-08 253 108250166
-0.5997727492 0.2837066569 -3.347608299e-08 253 324641298
-0.6067194693 0.272580908 -3.441840224e-08 253 527643671
-0.6067194693 0.272580908 -3.441840224e-08 253 709910722
-0.613666188 0.2725809087 -3.49682065e-08 253 908931836
-0.6206129082 0.2614551592 -3.533042836e-08 254 111860625
-0.613666188 0.2725809087 -3.49682065e-08 254 311274128
-0.613666188 0.2725809087 -3.49682065e-08 254 526043038
-0.6206129068 0.2725809098 -3.580799693e-08 254 702091626
-0.6206129082 0.2614551592 -3.533042836e-08 254 912401723
-0.6206129068 0.2725809098 -3.580799693e-08 255 122866324
-0.6275596283 0.2503294102 -3.496389397e-08 255 325947052
-0.6067194693 0.272580908 -3.441840224e-08 255 527539977
-0.6136661894 0.2614551585 -3.478066291e-08 255 714262499
-0.6136661907 0.2503294085 -3.357445016e-08 255 911257541
-0.6067194719 0.2503294078 -3.302471922e-08 256 102010105
-0.6136661907 0.2503294085 -3.357445016e-08 256 316126637
-0.6136661894 0.2614551585 -3.478066291e-08 256 527892383
-0.6136661894 0.2614551585 -3.478066291e-08 256 718430616
-0.5997727518 0.2614551567 -3.339114152e-08 256 908376702
-0.6067194719 0.2503294078 -3.302471922e-08 257 124226474
-0.6067194706 0.2614551574 -3.394090697e-08 257 318088565
-0.6067194706 0.2614551574 -3.394090697e-08 257 517541528
-0.5928260318 0.2725809067 -3.331879808e-08 257 703363949
-0.5858793143 0.2614551554 -3.229161064e-08 257 902791433
-0.5789325943 0.2725809049 -3.192921202e-08 258 106069181
-0.5858793143 0.2614551554 -3.229161064e-08 258 317809546
-0.5858793156 0.2503294053 -3.108554017e-08 258 525685322
-0.5789325955 0.2614551543 -3.145185901e-08 258 708233828
-0.5858793156 0.2503294053 -3.108554017e-08 258 902073362
-0.5789325955 0.2614551543 -3.145185901e-08 259 112482030
-0.5789325955 0.2614551543 -3.145185901e-08 259 324114868
-0.5858793143 0.2614551554 -3.229161064e-08 259 515683155
-0.5719858755 0.2725809039 -3.108941729e-08 259 705401394
-0.5650391568 0.2725809035 -3.082960787e-08 259 905532480
-0.565039158 0.2614551529 -3.035232812e-08 260 103552676
-0.5650391568 0.2725809035 -3.082960787e-08 260 311075093
-0.5719858768 0.2614551536 -3.090209358e-08 260 522403212
-0.558092438 0.2725809025 -2.998981311e-08 260 728977402
-0.5441990005 0.2725809011 -2.889021325e-08 260 907568143
-0.5372522806 0.2837066499 -2.794757065e-08 261 107132946
-0.5303055618 0.2837066492 -2.739773625e-08 261 322069346
-0.5441990005 0.2725809011 -2.889021325e-08 261 513468320
-0.5441989993 0.283706651 -2.878739558e-08 261 707915777
-0.5303055607 0.2948323991 -2.729484955e-08 261 910599105
-0.5372522806 0.2837066499 -2.794757065e-08 262 110122459
-0.5372522806 0.2837066499 -2.794757065e-08 262 307526007
-0.5441990005 0.2725809011 -2.889021325e-08 262 527596181
-0.5372522817 0.2725809004 -2.834041332e-08 262 703831321
-0.530305563 0.2725808994 -2.750062289e-08 262 896166369
-0.5372522806 0.2837066499 -2.794757065e-08 263 121915657
-0.5441990005 0.2725809011 -2.889021325e-08 263 314258633
-0.5372522817 0.2725809004 -2.834041332e-08 263 526784757
-0.5372522817 0.2725809004 -2.834041332e-08 263 712416064
-0.530305563 0.2725808994 -2.750062289e-08 263 909054195
-0.5372522817 0.2725809004 -2.834041332e-08 264 115980546
-0.5441990005 0.2725809011 -2.889021325e-08 264 313868068
-0.5372522829 0.2614551498 -2.786327585e-08 264 512136107
-0.5303055653 0.2503293991 -2.610772877e-08 264 714802646
-0.5303055642 0.2614551491 -2.731351473e-08 264 914309632
-0.5372522817 0.2725809004 -2.834041332e-08 265 108367938
-0.5372522829 0.2614551498 -2.786327585e-08 265 317441032
-0.5511457193 0.2725809018 -2.944001318e-08 265 523300044
-0.5372522829 0.2614551498 -2.786327585e-08 265 709448556
-0.5303055642 0.2614551491 -2.731351473e-08 265 914258449
-0.5303055642 0.2614551491 -2.731351473e-08 266 116875335
-0.5372522841 0.2503293998 -2.665745973e-08 266 316320685
-0.5372522806 0.2837066499 -2.794757065e-08 266 523330989
-0.5303055642 0.2614551491 -2.731351473e-08 266 708325142
-0.5303055642 0.2614551491 -2.731351473e-08 266 899335731
-0.530305563 0.2725808994 -2.750062289e-08 267 107514021
-0.5233588442 0.272580899 -2.724080916e-08 267 311141546
-0.5372522794 0.2948324002 -2.813471328e-08 267 526556045
-0.5441989981 0.2948324009 -2.868458218e-08 267 706675658
-0.5233588431 0.2837066485 -2.684789319e-08 267 910340559
-0.5164121232 0.2948323977 -2.619510311e-08 268 111074380
-0.5025186869 0.2837066465 -2.519838993e-08 268 304294446
-0.5164121277 0.2503293977 -2.500827119e-08 268 528286619
-0.5233588442 0.272580899 -2.724080916e-08 268 709321753
-0.5094654067 0.2725808973 -2.585122741e-08 268 909164805
-0.502518688 0.2725808966 -2.530142318e-08 269 122008631
-0.4955719681 0.2837066458 -2.46485512e-08 269 316813482
-0.5094654078 0.261455147 -2.566422272e-08 269 526861915
-0.5094654067 0.2725808973 -2.585122741e-08 269 702303406
-0.5025186891 0.261455146 -2.482446676e-08 269 904012192
-0.5233588431 0.2837066485 -2.684789319e-08 270 107928914
-0.5164121232 0.2948323977 -2.619510311e-08 270 314045852
-0.5094654067 0.2725808973 -2.585122741e-08 270 530151104
-0.5025186869 0.2837066465 -2.519838993e-08 270 711109422
-0.4955719681 0.2837066458 -2.46485512e-08 270 907992022
-0.4886252494 0.2837066451 -2.40987168e-08 271 98511372
-0.4886252505 0.2725808956 -2.44918095e-08 271 311357478
-0.502518688 0.2725808966 -2.530142318e-08 271 524125090
-0.502518688 0.2725808966 -2.530142318e-08 271 712108240
-0.502518688 0.2725808966 -2.530142318e-08 271 911280002
-0.4955719703 0.2614551457 -2.456469184e-08 272 105185820
-0.4955719703 0.2614551457 -2.456469184e-08 272 308832930
-0.5025186891 0.261455146 -2.482446676e-08 272 517868217
-0.5164121277 0.2503293977 -2.500827119e-08 272 713166653
-0.5025186902 0.2503293963 -2.390881791e-08 272 905498660
-0.5164121289 0.2392036484 -2.438255248e-08 273 111749293
-0.5303055653 0.2503293991 -2.610772877e-08 273 322579312
-0.5233588442 0.272580899 -2.724080916e-08 273 525784074
-0.5094654078 0.261455147 -2.566422272e-08 273 700272181
-0.5025186902 0.2503293963 -2.390881791e-08 273 908175576
-0.509465409 0.250329397 -2.445854887e-08 274 106668570
-0.5025186902 0.2503293963 -2.390881791e-08 274 305202903
-0.4955719703 0.2614551457 -2.456469184e-08 274 523928382
-0.4886252515 0.261455145 -2.401492641e-08 274 710326571
-0.474731814 0.2614551436 -2.291539983e-08 274 906119205
-0.4816785338 0.2503293942 -2.225963368e-08 275 108456665
-0.4816785338 0.2503293942 -2.225963368e-08 275 315346252
-0.4608383754 0.2725808928 -2.229261409e-08 275 527620835
-0.4469449379 0.2725808918 -2.148300909e-08 275 714461838
-0.4399982192 0.2725808907 -2.064322294e-08 275 911061375
-0.4469449379 0.2725808918 -2.148300909e-08 276 118644465
-0.4469449389 0.2614551412 -2.100634153e-08 276 315713317
-0.4608383765 0.2614551422 -2.181587325e-08 276 513599526
-0.4538916567 0.2725808921 -2.174281416e-08 276 708464670
-0.4399982201 0.2614551401 -2.01665899e-08 276 911948962
-0.4469449389 0.2614551412 -2.100634153e-08 277 117942466
-0.4469449389 0.2614551412 -2.100634153e-08 277 314471157
-0.4261047817 0.2725808897 -1.983360928e-08 277 528366672
-0.4261047817 0.2725808897 -1.983360928e-08 277 707308361
-0.4191580638 0.2614551388 -1.909727457e-08 277 901284614
-0.4261047826 0.2614551391 -1.935704952e-08 278 108781652
-0.4261047826 0.2614551391 -1.935704952e-08 278 315807998
-0.4330515023 0.2503293898 -1.870153771e-08 278 524056819
-0.4330515023 0.2503293898 -1.870153771e-08 278 714279724
-0.4330515023 0.2503293898 -1.870153771e-08 278 910317359
-0.4399982211 0.2503293905 -1.925126436e-08 279 108304298
-0.4469449399 0.2503293912 -1.9800991e-08 279 306920184
-0.4330515014 0.2614551398 -1.990681495e-08 279 527432536
-0.4330515014 0.2614551398 -1.990681495e-08 279 709169162
-0.4191580648 0.2503293888 -1.789207064e-08 279 910597805
-0.4261047835 0.2503293894 -1.844179728e-08 280 107488730
-0.4191580648 0.2503293888 -1.789207064e-08 280 313856842
-0.4330515023 0.2503293898 -1.870153771e-08 280 520959613
-0.4330515014 0.2614551398 -1.990681495e-08 280 716062321
-0.4191580648 0.2503293888 -1.789207064e-08 280 911034811
-0.4191580657 0.2392036398 -1.755684252e-08 281 128209643
-0.4191580657 0.2392036398 -1.755684252e-08 281 315998493
-0.4191580648 0.2503293888 -1.789207064e-08 281 525184240
-0.4191580648 0.2503293888 -1.789207064e-08 281 710819917
-0.4052646281 0.2392036384 -1.645745822e-08 281 895339884
-0.4052646281 0.2392036384 -1.645745822e-08 282 111548964
-0.4052646281 0.2392036384 -1.645745822e-08 282 316274094
-0.3983179084 0.250329387 -1.653288122e-08 282 527458378
-0.3913711896 0.2503293867 -1.627314941e-08 282 711197571
-0.3913711896 0.2503293867 -1.627314941e-08 282 909572981
-0.3913711896 0.2503293867 -1.627314941e-08 283 115181068
-0.3913711896 0.2503293867 -1.627314941e-08 283 311209827
-0.3913711896 0.2503293867 -1.627314941e-08 283 528578203
-0.3983179093 0.2392036381 -1.619776088e-08 283 708412417
-0.3913711905 0.2392036374 -1.564807736e-08 283 908544826
-0.3983179101 0.2280778884 -1.528265953e-08 284 116710481
-0.3913711905 0.2392036374 -1.564807736e-08 284 312086370
-0.3983179093 0.2392036381 -1.619776088e-08 284 528712314
-0.3983179093 0.2392036381 -1.619776088e-08 284 707496598
-0.4052646281 0.2392036384 -1.645745822e-08 284 909327292
-0.4052646281 0.2392036384 -1.645745822e-08 285 113033222
-0.3983179093 0.2392036381 -1.619776088e-08 285 315852270
-0.3844244708 0.250329386 -1.572342277e-08 285 527491422
-0.377477752 0.2503293857 -1.546368664e-08 285 710102421
-0.3844244708 0.250329386 -1.572342277e-08 285 908170432
-0.3983179093 0.2392036381 -1.619776088e-08 286 107879631
-0.3983179093 0.2392036381 -1.619776088e-08 286 321820716
-0.4052646281 0.2392036384 -1.645745822e-08 286 523722869
-0.4122113478 0.2280778895 -1.609198004e-08 286 711089717
-0.4052646281 0.2392036384 -1.645745822e-08 286 910658560
-0.4052646281 0.2392036384 -1.645745822e-08 287 122308051
-0.4122113478 0.2280778895 -1.609198004e-08 287 304946393
-0.377477752 0.2503293857 -1.546368664e-08 287 536194436
-0.3705310333 0.250329385 -1.491396e-08 287 714859697
-0.3844244708 0.250329386 -1.572342277e-08 287 905658983
-0.3844244708 0.250329386 -1.572342277e-08 288 106333438
-0.377477752 0.2503293857 -1.546368664e-08 288 316169916
-0.3844244717 0.2392036371 -1.538837571e-08 288 528170471
-0.3844244717 0.2392036371 -1.538837571e-08 288 697554827
-0.3844244708 0.250329386 -1.572342277e-08 288 912969753
-0.3844244708 0.250329386 -1.572342277e-08 289 118481825
-0.377477752 0.2503293857 -1.546368664e-08 289 310112299
-0.3913711896 0.2503293867 -1.627314941e-08 289 526563349
-0.3913711888 0.2614551368 -1.74782111e-08 289 707234615
-0.3774777504 0.272580886 -1.685499426e-08 289 908376326
-0.3774777512 0.2614551354 -1.637868452e-08 290 98132271
-0.4052646272 0.2503293877 -1.708260355e-08 290 333415638
-0.4052646272 0.2503293877 -1.708260355e-08 290 511173992
-0.3913711888 0.2614551368 -1.74782111e-08 290 710888869
-0.3705310325 0.261455135 -1.61189139e-08 290 909912338
-0.3635843137 0.2614551344 -1.556915277e-08 291 112251061
-0.3635843137 0.2614551344 -1.556915277e-08 291 325753812
-0.3566375949 0.261455134 -1.530938218e-08 291 524817133
-0.3496908761 0.2614551333 -1.475961672e-08 291 705988980
-0.3566375957 0.250329384 -1.410449724e-08 291 912658353
-0.3566375957 0.250329384 -1.410449724e-08 292 113507178
-0.3705310333 0.250329385 -1.491396e-08 292 326037712
-0.3635843145 0.2503293847 -1.465422388e-08 292 514367871
-0.3705310333 0.250329385 -1.491396e-08 292 708319338
-0.3635843145 0.2503293847 -1.465422388e-08 292 907656520
-0.3705310333 0.250329385 -1.491396e-08 293 123514366
-0.3705310333 0.250329385 -1.491396e-08 293 321833331
-0.3566375949 0.261455134 -1.530938218e-08 293 528801829
-0.3496908761 0.2614551333 -1.475961672e-08 293 711721951
-0.3219040011 0.2614551317 -1.343054806e-08 293 911970962
-0.3080105635 0.261455131 -1.291100682e-08 294 105296289
-0.3010638448 0.2614551303 -1.236124569e-08 294 320424022
-0.3219040011 0.2614551317 -1.343054806e-08 294 528731512
-0.3080105635 0.261455131 -1.291100682e-08 294 710845242
-0.3219040011 0.2614551317 -1.343054806e-08 294 914858531
-0.3219040011 0.2614551317 -1.343054806e-08 295 114992784
-0.3080105635 0.261455131 -1.291100682e-08 295 319444899
-0.3357974393 0.2503293827 -1.303530264e-08 295 529647044
-0.3357974386 0.2614551327 -1.424007548e-08 295 705414442
-0.3219040011 0.2614551317 -1.343054806e-08 295 916051764
-0.3357974386 0.2614551327 -1.424007548e-08 296 110795129
-0.3080105629 0.2725808813 -1.30969639e-08 296 316509810
-0.3288507198 0.261455132 -1.369031866e-08 296 530316712
-0.3427441581 0.250329383 -1.329503876e-08 296 711270450
-0.3219040011 0.2614551317 -1.343054806e-08 296 902269423
-0.3080105629 0.2725808813 -1.30969639e-08 297 116632324
-0.3288507198 0.261455132 -1.369031866e-08 297 314238953
-0.3080105635 0.261455131 -1.291100682e-08 297 515344461
-0.3080105635 0.261455131 -1.291100682e-08 297 717951759
-0.3288507206 0.2503293823 -1.277557084e-08 297 926422429
-0.3288507198 0.261455132 -1.369031866e-08 298 116563195
-0.3219040011 0.2614551317 -1.343054806e-08 298 317825853
-0.3357974393 0.2503293827 -1.303530264e-08 298 533574503
-0.3427441589 0.2392036337 -1.267021676e-08 298 714122963
-0.3427441581 0.250329383 -1.329503876e-08 298 916717983
-0.3357974401 0.2392036337 -1.270050563e-08 299 119356878
-0.3357974393 0.2503293827 -1.303530264e-08 299 317182629
-0.3427441589 0.2392036337 -1.267021676e-08 299 526143982
-0.3288507213 0.239203633 -1.215082211e-08 299 715748180
-0.3219040025 0.2392036327 -1.189112478e-08 299 915123901
-0.3427441589 0.2392036337 -1.267021676e-08 300 115380163
-0.3288507213 0.239203633 -1.215082211e-08 300 327155212
-0.3357974401 0.2392036337 -1.270050563e-08 300 532398077
-0.3427441589 0.2392036337 -1.267021676e-08 300 715723798
-0.3288507213 0.239203633 -1.215082211e-08 300 910355192
-0.3288507213 0.239203633 -1.215082211e-08 301 121634625
-0.328850722 0.2280778837 -1.152606477e-08 301 316219687
-0.3219040032 0.228077883 -1.097641575e-08 301 531462479
-0.3635843169 0.2169521355 -1.292812786e-08 301 710829943
-0.3496908792 0.2169521345 -1.211888064e-08 301 911713107
-0.3496908792 0.2169521345 -1.211888064e-08 302 112709224
-0.3427441604 0.2169521338 -1.156926177e-08 302 316845946
-0.3357974408 0.2280778841 -1.178572763e-08 302 526616101
-0.328850722 0.2280778837 -1.152606477e-08 302 713576017
-0.2941171279 0.2280778814 -9.647769569e-09 302 915709951
-0.2802236903 0.2280778807 -9.12844389e-09 303 114736623
-0.2871704091 0.228077881 -9.388106723e-09 303 334499503
-0.2732769715 0.2280778804 -8.868789675e-09 303 536173584
-0.2663302527 0.2280778797 -8.319132008e-09 303 709945416
-0.2663302538 0.2058263799 -8.52764287e-09 303 914981843
-0.2732769721 0.2169521298 -8.393018808e-09 304 116978492
-0.2663302532 0.2169521295 -8.133390447e-09 304 315983409
-0.2593835344 0.2169521291 -7.873766417e-09 304 530229171
-0.2593835344 0.2169521291 -7.873766417e-09 304 714257086
-0.2524368156 0.2169521288 -7.61413807e-09 304 912076021
-0.2663302538 0.2058263799 -8.52764287e-09 305 115365647
-0.2524368161 0.2058263793 -8.008463781e-09 305 321895837
-0.2593835344 0.2169521291 -7.873766417e-09 305 537149477
-0.2524368156 0.2169521288 -7.61413807e-09 305 717151751
-0.2524368156 0.2169521288 -7.61413807e-09 305 911972834
-0.2593835344 0.2169521291 -7.873766417e-09 306 109542197
-0.2524368156 0.2169521288 -7.61413807e-09 306 317521626
-0.2454900967 0.2169521285 -7.354518328e-09 306 528467169
-0.2524368161 0.2058263793 -8.008463781e-09 306 708585423
-0.2524368156 0.2169521288 -7.61413807e-09 306 915480539
-0.2524368156 0.2169521288 -7.61413807e-09 307 108923575
-0.2524368156 0.2169521288 -7.61413807e-09 307 311471833
-0.252436815 0.228077879 -7.799810631e-09 307 525114805
-0.2524368156 0.2169521288 -7.61413807e-09 307 705807941
-0.2593835338 0.2280778797 -8.349463995e-09 307 907820769
-0.2593835344 0.2169521291 -7.873766417e-09 308 108497814
-0.2593835338 0.2280778797 -8.349463995e-09 308 318138232
-0.2593835338 0.2280778797 -8.349463995e-09 308 525824685
-0.2593835338 0.2280778797 -8.349463995e-09 308 710498900
-0.2593835338 0.2280778797 -8.349463995e-09 308 907679739
-0.2593835344 0.2169521291 -7.873766417e-09 309 99523762
-0.2593835344 0.2169521291 -7.873766417e-09 309 313684610
-0.2524368156 0.2169521288 -7.61413807e-09 309 525066758
-0.252436815 0.228077879 -7.799810631e-09 309 707651733
-0.252436815 0.228077879 -7.799810631e-09 309 914496432
-0.2524368156 0.2169521288 -7.61413807e-09 310 113420849
-0.252436815 0.228077879 -7.799810631e-09 310 324864929
-0.252436815 0.228077879 -7.799810631e-09 310 511418494
-0.2454900962 0.2280778791 -7.830142618e-09 310 706390899
-0.252436815 0.228077879 -7.799810631e-09 310 915196640
-0.252436815 0.228077879 -7.799810631e-09 311 119813427
-0.252436815 0.228077879 -7.799810631e-09 311 312371005
-0.2524368156 0.2169521288 -7.61413807e-09 311 533677418
-0.2454900967 0.2169521285 -7.354518328e-09 311 715165543
-0.2454900967 0.2169521285 -7.354518328e-09 311 904736219
-0.2454900967 0.2169521285 -7.354518328e-09 312 115154675
-0.2454900967 0.2169521285 -7.354518328e-09 312 316682931
-0.2454900962 0.2280778791 -7.830142618e-09 312 525361837
-0.2385433774 0.2280778784 -7.280493569e-09 312 711598296
-0.2524368156 0.2169521288 -7.61413807e-09 312 911938853
-0.2454900967 0.2169521285 -7.354518328e-09 313 114866053
-0.2385433779 0.2169521278 -6.804903779e-09 313 320487992
-0.2246499398 0.2280778777 -6.761167889e-09 313 528164887
-0.2385433779 0.2169521278 -6.804903779e-09 313 709888529
-0.2454900967 0.2169521285 -7.354518328e-09 313 913301127
-0.2385433779 0.2169521278 -6.804903779e-09 314 110639786
-0.2315966591 0.2169521278 -6.83526595e-09 314 316632530
-0.2315966586 0.2280778781 -7.020826434e-09 314 522919492
-0.2315966591 0.2169521278 -6.83526595e-09 314 708419393
-0.2246499398 0.2280778777 -6.761167889e-09 314 907795044
-0.2315966591 0.2169521278 -6.83526595e-09 315 117143919
-0.2315966586 0.2280778781 -7.020826434e-09 315 309252981
-0.2177032214 0.2169521272 -6.316013559e-09 315 525757542
-0.2246499403 0.2169521271 -6.285651402e-09 315 712036218
-0.2177032209 0.2280778774 -6.501500741e-09 315 906623760
-0.2177032209 0.2280778774 -6.501500741e-09 316 113879066
-0.2177032209 0.2280778774 -6.501500741e-09 316 316593920
-0.2177032214 0.2169521272 -6.316013559e-09 316 526282344
-0.2107565021 0.2280778775 -6.531837043e-09 316 707430597
-0.1968630649 0.2169521262 -5.53714144e-09 316 909128026
-0.1968630649 0.2169521262 -5.53714144e-09 317 124711267
-0.2038097838 0.2169521262 -5.506774967e-09 317 303819302
-0.2107565021 0.2280778775 -6.531837043e-09 317 525055783
-0.2107565026 0.2169521268 -6.056393831e-09 317 720970446
-0.2038097833 0.2280778768 -5.982183679e-09 317 914048105
-0.2107565026 0.2169521268 -6.056393831e-09 318 112325090
-0.2107565021 0.2280778775 -6.531837043e-09 318 325797080
-0.2038097833 0.2280778768 -5.982183679e-09 318 525428351
-0.2177032209 0.2280778774 -6.501500741e-09 318 707523253
-0.1968630645 0.2280778764 -5.722525162e-09 318 911419539
-0.1968630645 0.2280778764 -5.722525162e-09 319 118460718
-0.1968630645 0.2280778764 -5.722525162e-09 319 316619903
-0.1899163461 0.2169521259 -5.277517409e-09 319 528841017
-0.1968630649 0.2169521262 -5.53714144e-09 319 715815918
-0.1760229084 0.2169521256 -5.048259824e-09 319 912363405
-0.1760229084 0.2169521256 -5.048259824e-09 320 114728995
-0.1829696273 0.2169521259 -5.307883869e-09 320 316189386
-0.1760229084 0.2169521256 -5.048259824e-09 320 527036599
-0.1829696273 0.2169521259 -5.307883869e-09 320 713855957
-0.1551827516 0.2280778752 -4.744542079e-09 320 914295445
-0.1621294708 0.2169521249 -4.529011749e-09 321 116510696
-0.1621294704 0.2280778752 -4.714210106e-09 321 319390518
-0.1621294704 0.2280778752 -4.714210106e-09 321 521292210
-0.1621294704 0.2280778752 -4.714210106e-09 321 720085316
-0.1482360331 0.2169521246 -4.299749876e-09 321 911348148
-0.1412893143 0.2169521243 -4.040125831e-09 322 114953939
-0.1482360331 0.2169521246 -4.299749876e-09 322 316901400
-0.1482360331 0.2169521246 -4.299749876e-09 322 528893331
-0.1482360331 0.2169521246 -4.299749876e-09 322 699103439
-0.1412893143 0.2169521243 -4.040125831e-09 322 906529690
-0.1343425955 0.216952124 -3.7805018e-09 323 126841804
-0.1412893143 0.2169521243 -4.040125831e-09 323 332940890
-0.1482360331 0.2169521246 -4.299749876e-09 323 512875143
-0.1412893143 0.2169521243 -4.040125831e-09 323 713349070
-0.1412893143 0.2169521243 -4.040125831e-09 323 909810525
-0.1343425952 0.2280778746 -4.255552702e-09 324 100869951
-0.1343425955 0.216952124 -3.7805018e-09 324 308560438
-0.1412893143 0.2169521243 -4.040125831e-09 324 515284582
-0.1482360331 0.2169521246 -4.299749876e-09 324 709414020
-0.1482360331 0.2169521246 -4.299749876e-09 324 924826886
-0.141289314 0.2280778749 -4.515211233e-09 325 116056021
-0.1482360331 0.2169521246 -4.299749876e-09 325 314609970
-0.1412893143 0.2169521243 -4.040125831e-09 325 517390059
-0.1412893143 0.2169521243 -4.040125831e-09 325 712996926
-0.1412893146 0.2058263748 -4.435029233e-09 325 910752266
-0.1343425958 0.2058263748 -4.465430192e-09 326 114275216
-0.1482360334 0.2058263751 -4.694614475e-09 326 326825836
-0.16907619 0.2058263757 -5.18339692e-09 326 528762884
-0.1551827523 0.2058263754 -4.954204019e-09 326 711148848
-0.1551827526 0.1947006245 -4.189054839e-09 326 909848776
-0.1482360334 0.2058263751 -4.694614475e-09 327 116728671
-0.1343425958 0.2058263748 -4.465430192e-09 327 310303078
-0.1482360338 0.1947006241 -3.929499767e-09 327 511916445
-0.1343425958 0.2058263748 -4.465430192e-09 327 714816007
-0.134342596 0.1947006239 -3.700388773e-09 327 913062241
-0.1273958769 0.2058263745 -4.20584495e-09 328 103293856
-0.1273958769 0.2058263745 -4.20584495e-09 328 314015035
-0.1273958769 0.2058263745 -4.20584495e-09 328 508622544
-0.1273958769 0.2058263745 -4.20584495e-09 328 711292831
-0.05098196771 0.3949641206 -1.162708624e-08 328 912027861
-0.05098196771 0.3949641206 -1.162708624e-08 329 125564610
-0.05098196771 0.3949641206 -1.162708624e-08 329 314066202
-0.05098196771 0.3949641206 -1.162708624e-08 329 507388908
-0.05098196771 0.3949641206 -1.162708624e-08 329 718799827
-0.05098196771 0.3949641206 -1.162708624e-08 329 908719327
-0.05098196771 0.3949641206 -1.162708624e-08 330 109184082
-0.05098196771 0.3949641206 -1.162708624e-08 330 308044072
-0.05098196771 0.3949641206 -1.162708624e-08 330 514788311
-0.05098196771 0.3949641206 -1.162708624e-08 330 713912461
-0.05098196771 0.3949641206 -1.162708624e-08 330 899784364
-0.05098196771 0.3949641206 -1.162708624e-08 331 116416107
-0.05098196771 0.3949641206 -1.162708624e-08 331 306419179
-0.05098196771 0.3949641206 -1.162708624e-08 331 508525154
-0.05098196771 0.3949641206 -1.162708624e-08 331 712589695
-0.0579286863 0.3949641205 -1.159729315e-08 331 910853283
-0.05098196771 0.3949641206 -1.162708624e-08 332 118064763
-0.05098196771 0.3949641206 -1.162708624e-08 332 314488693
-0.05098196771 0.3949641206 -1.162708624e-08 332 516678976
-0.05098196771 0.3949641206 -1.162708624e-08 332 712078133
-0.05098196771 0.3949641206 -1.162708624e-08 332 909393931
-0.05098196771 0.3949641206 -1.162708624e-08 333 129553740
-0.04403524912 0.3949641206 -1.165687505e-08 333 316135098
-0.05098196771 0.3949641206 -1.162708624e-08 333 511418961
-0.04403524912 0.3949641206 -1.165687505e-08 333 714847751
-0.1065557208 0.1835748734 -3.347252128e-09 333 913793658
-0.0857155644 0.1724491241 -1.506520991e-09 334 113030861
-0.0857155644 0.1724491241 -1.506520991e-09 334 312617225
-0.09266228329 0.1724491244 -1.765998459e-09 334 513914362
-0.08571556421 0.1835748732 -3.148688671e-09 334 713285427
-0.0857155644 0.1724491241 -1.506520991e-09 334 904303183
-0.09266228329 0.1724491244 -1.765998459e-09 335 127448516
