0.5117022916 -0.1390718477 -2.063643066e-08 0 314016850
0.4908621347 -0.1501975994 -2.050874863e-08 0 515545993
0.5117022949 -0.1724490972 -2.226996867e-08 0 711953074
0.5533826099 -0.1613233432 -2.423251716e-08 0 907067613
0.5394891747 -0.1947005941 -2.595199365e-08 1 121219346
0.490862139 -0.1947005991 -2.19601535e-08 1 315723633
0.4769687044 -0.2392035998 -2.145919714e-08 1 516239551
0.4213949543 -0.3059581041 -2.040877772e-08 1 717590788
0.4978088725 -0.3393353476 -2.805337182e-08 1 917569324
0.5950629403 -0.2837065868 -3.302395901e-08 2 116121488
0.4630752776 -0.3727125989 -2.705664801e-08 2 307586679
0.4075015232 -0.4060898541 -2.408042812e-08 2 514300539
0.4213949635 -0.4172156033 -2.716036349e-08 2 704565020
0.4144482438 -0.4172156037 -2.683794148e-08 2 904164453
0.4491818433 -0.4283413501 -2.971796573e-08 3 114160696
0.4630752888 -0.495095848 -3.49371099e-08 3 309104676
0.4283416841 -0.428341352 -2.817062386e-08 3 516459158
0.4839154471 -0.4839700966 -3.608697463e-08 3 703656167
0.5325424891 -0.5173473416 -4.244791196e-08 3 912486240
0.5325424775 -0.4060898425 -3.336321186e-08 4 117140647
0.5672760734 -0.3838383385 -3.649793354e-08 4 322344548
0.5603293476 -0.3282095898 -3.301557716e-08 4 509141365
0.53254246 -0.2392035944 -2.57738904e-08 4 711995724
0.5255957371 -0.2058263459 -2.454697545e-08 4 908986808
0.5255957314 -0.1501975959 -2.327648801e-08 5 107828962
0.4491818187 -0.1501976033 -1.741944947e-08 5 339243807
0.4352883753 -0.09456885579 -1.536689914e-08 5 511197985
0.4561285341 -0.1056946031 -1.629032432e-08 5 713007396
0.456128535 -0.116820353 -1.639832395e-08 5 917021972
0.4630752553 -0.1279461021 -1.711780058e-08 6 116267962
0.5186490109 -0.1390718469 -2.124794647e-08 6 315350842
0.5533826196 -0.2503293425 -2.844658616e-08 6 516534409
0.5533826305 -0.3504610911 -3.204047624e-08 6 711696056
0.5117023251 -0.4728443447 -3.7559201e-08 6 912375368
0.5255957727 -0.5507245908 -4.433891421e-08 7 126772593
0.5325424996 -0.6174790902 -5.200419689e-08 7 330380644
0.5394892125 -0.5507245892 -4.556460143e-08 7 512950163
0.5464359348 -0.5729760879 -4.901172074e-08 7 703794883
0.5394892125 -0.5507245892 -4.556460143e-08 7 914912254
0.5186490551 -0.572976091 -4.65600617e-08 8 113401965
0.5186490551 -0.572976091 -4.65600617e-08 8 316877983
0.5464359395 -0.6174790886 -5.323031527e-08 8 530853352
0.4978089074 -0.6953593426 -5.725846108e-08 8 726740452
0.3727679566 -0.8399941006 -6.535127794e-08 8 922898076
0.2824605955 -0.8844971061 -6.695385157e-08 9 122262216
0.2685671519 -0.8288683586 -5.893750099e-08 9 323741680
0.2268868309 -0.8399941091 -5.855178598e-08 9 521908973
0.1574196278 -0.8288683629 -5.549747722e-08 9 721696392
0.1018458633 -0.7064851153 -3.922555619e-08 9 915180813
0.03237866164 -0.5952276172 -2.692586787e-08 10 117843909
-0.0162483778 -0.550724618 -2.263664156e-08 10 326237787
-0.1065557353 -0.5062216172 -2.091183091e-08 10 507984411
-0.1621294924 -0.4617186168 -1.644625217e-08 10 723448013
-0.1760229312 -0.439467116 -1.70416557e-08 10 911486450
-0.162129491 -0.417215618 -1.544707662e-08 11 113720643
-0.1204491731 -0.4283413687 -1.487664136e-08 11 313353398
-0.1551827727 -0.4617186171 -1.618882248e-08 11 514986470
-0.1829696521 -0.472844367 -1.979926939e-08 11 715263054
-0.1690762125 -0.4728443677 -1.928448762e-08 11 905685832
-0.1204491744 -0.483970118 -1.903772029e-08 12 115624143
-0.2593835645 -0.3727126133 -1.557989521e-08 12 311038730
-0.2315966869 -0.3949641145 -1.577657191e-08 12 515238396
-0.2246499678 -0.4060898655 -1.504341449e-08 12 712883588
-0.2593835662 -0.4060898635 -1.662145019e-08 12 916323639
-0.3149573236 -0.4060898609 -1.86823276e-08 13 115019472
-0.3357974827 -0.4060898592 -2.003513661e-08 13 315148805
-0.3983179607 -0.4172156048 -2.594451368e-08 13 513287727
-0.4122114019 -0.4394671021 -2.811663372e-08 13 711592951
-0.433051562 -0.4505928518 -3.073989019e-08 13 915260252
-0.5025187594 -0.4505928456 -3.563449921e-08 14 122572909
-0.5303056384 -0.4505928429 -3.782433519e-08 14 312703197
-0.5928261174 -0.4617185843 -4.226664377e-08 14 511656004
-0.6414531571 -0.4728443297 -4.954694824e-08 14 713421249
-0.690080197 -0.4839700726 -5.522068905e-08 14 913014352
-0.745653952 -0.4617185645 -5.807988993e-08 15 122380913
-0.7734408293 -0.4505928115 -6.278530543e-08 15 316506143
-0.8290145891 -0.4617185515 -6.841889955e-08 15 514652793
-0.8915350669 -0.4617185413 -7.653565892e-08 15 713779914
-0.8984817847 -0.4505927911 -7.901945356e-08 15 904537570
-0.9401621073 -0.4728442833 -8.642436483e-08 16 115318275
-0.954055551 -0.4950957799 -8.917049932e-08 16 305221744
-0.995735872 -0.5062215208 -9.763346456e-08 16 513612008
-1.016576038 -0.5395987673 -1.027737359e-07 16 712657473
-1.023522758 -0.5395987659 -1.039008957e-07 16 913882034
-1.044362918 -0.5395987617 -1.072823795e-07 17 126827443
-1.072149797 -0.539598756 -1.117910273e-07 17 304918008
-1.086043239 -0.550724502 -1.150153339e-07 17 516233272
-1.127723563 -0.5729759926 -1.248850084e-07 17 705907270
-1.127723561 -0.5618502438 -1.239152327e-07 17 914643427
-1.141616998 -0.5507244899 -1.246123261e-07 18 109981835
-1.127723556 -0.539598744 -1.213882997e-07 18 304378155
-1.120776834 -0.5284729955 -1.201613141e-07 18 506185696
-1.106883391 -0.517347249 -1.162083547e-07 18 702279760
-1.120776831 -0.5173472458 -1.187528157e-07 18 896190052
-1.155510425 -0.4950957377 -1.227323172e-07 19 106791632
-1.231924335 -0.46171847 -1.332288579e-07 19 297739638
-1.294444796 -0.394963955 -1.42774619e-07 19 509687882
-1.384752145 -0.3727124311 -1.605681229e-07 19 704261118
-1.516739825 -0.394963894 -1.913285215e-07 19 903642803
-1.544526704 -0.3949638854 -1.981589903e-07 20 104497942
-1.558420147 -0.4060896317 -2.010917975e-07 20 313012527
-1.627887343 -0.4060896099 -2.184576152e-07 20 521999694
-1.690407809 -0.3727123389 -2.339665271e-07 20 707703673
-1.752928275 -0.3393350699 -2.490460957e-07 20 904945366
-1.884915934 -0.3059577721 -2.846792107e-07 21 109336821
-1.898809344 -0.2280775178 -2.856770976e-07 21 296858679
-2.044690444 -0.2058259624 -3.29768207e-07 21 508513797
-2.197518271 -0.2058258988 -3.803990377e-07 21 702297629
-2.336452669 -0.2280773356 -4.307004037e-07 21 904493019
-2.378132996 -0.2503288169 -4.467945759e-07 22 112951711
-2.419813324 -0.2725802969 -4.627391753e-07 22 295599870
-2.517067396 -0.2725802497 -5.002811299e-07 22 505984753
-2.593481317 -0.2837059607 -5.313412532e-07 22 692506290
-2.510120639 -0.1947000035 -4.960360722e-07 22 903907752
-2.524014061 -0.1613227472 -4.985875681e-07 23 113906687
-2.55874763 -0.1056939801 -5.121774707e-07 23 307382509
-2.649054968 -0.08344243384 -5.48994603e-07 23 510337568
-2.739362271 0.005563612546 -5.858449733e-07 23 711127659
-2.857456452 0.08344392631 -6.389176928e-07 23 906507818
-2.954710479 0.1501984808 -6.846410842e-07 24 95274773
-3.031124354 0.205827276 -7.217030259e-07 24 307318070
-3.128378377 0.2725818339 -7.713559934e-07 24 511982195
-3.058911116 0.39496504 -7.43432984e-07 24 705621797
-3.065857747 0.539599793 -7.576431892e-07 24 904327328
-3.107537942 0.7287375658 -7.958823695e-07 25 109422349
-3.128378001 0.8844980766 -8.269489797e-07 25 303651616
-3.163111473 1.073635847 -8.727973919e-07 25 503020582
-3.058910574 1.296150781 -8.628489586e-07 25 702060900
-2.899135942 1.529791436 -8.404160513e-07 25 900991045
-2.774094926 1.730054864 -8.366549858e-07 26 107507622
-2.676840768 1.963695559 -8.619785115e-07 26 305986910
-2.558746466 2.208461997 -8.941159029e-07 26 513506280
-2.468439043 2.4421027 -9.43931147e-07 26 704205196
-2.371184897 2.709120652 -1.014853931e-06 26 902985172
-2.301717662 2.887132619 -1.067909341e-06 27 109537787
-2.162783269 3.098521805 -1.118628037e-06 27 304245140
-2.044689017 3.343288256 -1.203117787e-06 27 507987197
-1.947434937 3.543551716 -1.280610164e-06 27 706136153
-1.836287436 3.743815175 -1.361617031e-06 27 896503234
-1.676512929 3.999707367 -1.474137746e-06 28 101278442
-1.537578592 4.211096573 -1.574274137e-06 28 304652757
-1.461164684 4.422485799 -1.700361441e-06 28 510794076
-1.377804079 4.600497775 -1.80827513e-06 28 705816891
-1.343070473 4.756258264 -1.915356161e-06 28 900303833
-1.238869741 4.934270238 -2.029553167e-06 29 103589632
-1.092988749 5.078904954 -2.115775228e-06 29 302769168
-0.9540544826 5.201288175 -2.192409385e-06 29 501723162
-0.8915340627 5.268042664 -2.238210615e-06 29 708309490
-0.808173516 5.29029415 -2.245336289e-06 29 903269101
-0.71091954 5.357048635 -2.290336472e-06 30 114338051
-0.6692392589 5.434928879 -2.350950883e-06 30 313830815
-0.5789319979 5.512809118 -2.410212286e-06 30 512412657
-0.4052642017 5.59068935 -2.463822968e-06 30 707064398
-0.3080102395 5.612940844 -2.478065461e-06 30 897263317
-0.2871701064 5.590689342 -2.457373705e-06 31 107148913
-0.2246497034 5.579563589 -2.445385634e-06 31 309348577
-0.1760227229 5.579563588 -2.444026752e-06 31 512644377
-0.1690760114 5.579563587 -2.443459785e-06 31 699424617
-0.169076011 5.590689337 -2.452954419e-06 31 900408016
-0.2663299748 5.535060591 -2.407758293e-06 32 112083686
-0.3357970934 5.490557596 -2.372395974e-06 32 303681070
-0.3496905152 5.512809097 -2.393249178e-06 32 509271236
-0.4330510553 5.501683354 -2.388085643e-06 32 708834501
-0.502518178 5.43492886 -2.335614724e-06 32 908418915
-0.5441984471 5.446054614 -2.348800343e-06 33 118792106
-0.5650385796 5.468306116 -2.370222036e-06 33 306258308
-0.5928254263 5.468306119 -2.372778488e-06 33 513413122
-0.6067188509 5.457180371 -2.364704816e-06 33 708369946
-0.5858787185 5.434928869 -2.342992805e-06 33 906158040
-0.5789320106 5.401551617 -2.314374712e-06 34 110085352
-0.5580918778 5.379300116 -2.293243509e-06 34 304337557
-0.530305033 5.357048613 -2.272713875e-06 34 515026878
-0.5372517459 5.345922864 -2.263054899e-06 34 708040957
-0.5372517459 5.345922864 -2.263054899e-06 34 900849395
-0.5580918826 5.334797116 -2.255985589e-06 35 112909466
-0.5580918826 5.334797116 -2.255985589e-06 35 305980109
-0.5789320207 5.312545619 -2.239560613e-06 35 510111037
-0.6067188708 5.290294122 -2.222831248e-06 35 704991977
-0.6414524303 5.290294126 -2.226241441e-06 35 907100899
-0.6345057143 5.323671375 -2.253586553e-06 36 106938237
-0.6414524219 5.357048626 -2.282933945e-06 36 295123234
-0.6345057073 5.379300125 -2.300343109e-06 36 509942876
-0.6206122811 5.401551622 -2.318353096e-06 36 703783989
-0.5858787185 5.434928869 -2.342992805e-06 36 906271338
-0.5372517318 5.479431863 -2.377162116e-06 37 107959280
-0.4955714598 5.50168336 -2.392606168e-06 37 306859823
-0.4677846093 5.546186356 -2.429052687e-06 37 512311972
-0.4816780303 5.568437858 -2.449468928e-06 37 699227797
-0.5025181637 5.579563609 -2.461104806e-06 37 905171944
-0.509464873 5.60181511 -2.480954576e-06 38 107513885
-0.5303050051 5.624066612 -2.50237742e-06 38 306903226
-0.537251713 5.657443864 -2.532594142e-06 38 514112145
-0.5372517095 5.690821112 -2.561232472e-06 38 706848262
-0.5441984173 5.724198364 -2.593196878e-06 38 903821921
-0.5511451274 5.735324114 -2.602970946e-06 39 102926661
-0.5580918363 5.757575614 -2.623550403e-06 39 305784493
-0.558091835 5.768701365 -2.634355728e-06 39 509882215
-0.565038545 5.779827116 -2.645e-06 39 704938517
-0.5719852538 5.802078616 -2.664999756e-06 39 908974012
-0.5719852525 5.813204365 -2.67551516e-06 40 104814485
-0.5719852525 5.813204365 -2.67551516e-06 40 306870706
-0.5858786749 5.813204367 -2.676650624e-06 40 513769214
-0.613665521 5.802078621 -2.668985922e-06 40 699787607
-0.6206122322 5.802078621 -2.669553617e-06 40 895343213
-0.6206122322 5.802078621 -2.669553617e-06 41 106905664
-0.6275589434 5.802078622 -2.670411303e-06 41 296494191
-0.6345056532 5.813204373 -2.681494734e-06 41 512572266
-0.641452363 5.824330124 -2.693158214e-06 41 694082098
-0.6692392077 5.824330128 -2.696009278e-06 41 900873470
-0.6900793412 5.82433013 -2.698002579e-06 42 104933356
-0.7248129003 5.802078635 -2.680679013e-06 42 305939226
-0.7525997451 5.802078639 -2.683819783e-06 42 509310063
-0.7525997434 5.813204389 -2.694046127e-06 42 704848995
-0.7525997385 5.84658164 -2.724427768e-06 42 906749279
-0.7803865779 5.879958893 -2.759118567e-06 43 95162815
-0.8081734135 5.935587647 -2.813966085e-06 43 301744547
-0.7942799689 6.080222395 -2.947648975e-06 43 513474912
-0.8220667834 6.2582344 -3.124139107e-06 43 706657748
-0.7734397924 6.369491891 -3.228814076e-06 43 906242232
-0.7803864875 6.469623642 -3.329697932e-06 44 106648408
-0.8220667205 6.647635649 -3.518530877e-06 44 308274800
-0.8359601204 6.770018901 -3.649022931e-06 44 502549405
-0.856800237 6.847899155 -3.735544226e-06 44 706439969
-0.8706936318 6.992533907 -3.89317812e-06 44 910287468
-0.8706935975 7.192797407 -4.116508698e-06 45 108658026
-0.8706935785 7.304054906 -4.243345634e-06 45 303436978
-0.8568001527 7.348557904 -4.292848747e-06 45 512972406
-0.8012264712 7.404186646 -4.3492895e-06 45 706496903
-0.7595462204 7.381935138 -4.318573488e-06 45 896736491
-0.6831324269 7.337432128 -4.259308001e-06 46 108232811
-0.5858785019 7.315180616 -4.222266399e-06 46 299717011
-0.5025179923 7.315180607 -4.214815298e-06 46 500759149
-0.4677844445 7.337432104 -4.239815407e-06 46 697189452
-0.3844239353 7.337432097 -4.234683384e-06 46 896396838
-0.3010634247 7.359683591 -4.255524062e-06 47 101568881
-0.3149568421 7.370809342 -4.26820228e-06 47 301054659
-0.3288502567 7.426438093 -4.334425265e-06 47 509292830
-0.3566370887 7.482066844 -4.401215251e-06 47 711651505
-0.3844239201 7.537695597 -4.46785798e-06 47 904912355
-0.4122107482 7.626701599 -4.574775282e-06 48 100645901
-0.4677844046 7.771336352 -4.753436195e-06 48 303598907
-0.4886245131 7.949348356 -4.974146135e-06 48 513797007
-0.439997535 8.182989102 -5.265824399e-06 48 709529257
-0.3774771469 8.405504096 -5.553097392e-06 48 904010878
-0.3427435937 8.628019095 -5.846880812e-06 49 108918279
-0.2454896785 8.88391134 -6.194043528e-06 49 305528155
-0.2038094254 9.162055088 -6.58706289e-06 49 509708767
-0.1760225901 9.417947339 -6.959036315e-06 49 709562668
-0.127395639 9.707216838 -7.39177857e-06 49 894973646
-0.05792857759 9.940857586 -7.752020109e-06 50 112254767
-0.002354933084 10.15224684 -8.083365914e-06 50 309768979
0.0323785916 10.40813909 -8.496753513e-06 50 513011071
0.1087923402 10.66403134 -8.920432849e-06 50 707934172
0.1504725597 10.93104934 -9.373535775e-06 50 902953589
0.2060461842 11.15356435 -9.760139037e-06 51 102032095
0.2546730987 11.4094566 -1.021550008e-05 51 292338541
0.3380335257 11.64309736 -1.064106534e-05 51 507090663
0.4075005348 11.93236686 -1.11801138e-05 51 702237708
0.4630741342 12.18825912 -1.166727163e-05 51 897240007
0.5186477268 12.45527713 -1.218834076e-05 52 99801590
0.588114721 12.68891789 -1.265515418e-05 52 295979435
0.6020081009 12.88918139 -1.305881981e-05 52 506359854
0.5603278697 13.08944489 -1.346302665e-05 52 690425966
0.4561273369 13.24520538 -1.377601759e-05 52 908695942
0.3727669131 13.40096587 -1.40965414e-05 53 108378691
0.2338328899 13.54560062 -1.439561915e-05 53 305346756
0.09489887501 13.66798386 -1.465317689e-05 53 510062550
-0.07182193435 13.79036711 -1.491559332e-05 53 709321578
-0.1829691339 13.93500187 -1.523253066e-05 53 905642572
-0.3427432264 14.07963663 -1.555742912e-05 54 110875961
-0.4261036168 14.17976838 -1.578500557e-05 54 306308430
-0.5094640128 14.19089414 -1.581546251e-05 54 512747154
-0.502517312 14.20201989 -1.583890811e-05 54 706131320
-0.5164107035 14.27990014 -1.601347494e-05 54 908951686
-0.5233573928 14.3800319 -1.624018321e-05 55 110468166
-0.4816771864 14.48016364 -1.646417903e-05 55 302936119
-0.4330502853 14.54691814 -1.661152116e-05 55 511385133
-0.3635832879 14.61367263 -1.676070763e-05 55 705358955
-0.2802228936 14.69155288 -1.693505618e-05 55 905420883
-0.1899158032 14.75830738 -1.708592312e-05 56 107747759
-0.08571531807 14.79168462 -1.716215968e-05 56 315189321
0.06016535889 14.83618762 -1.726392037e-05 56 510491059
0.2477262261 14.88069063 -1.737326841e-05 56 700141023
0.3797134984 14.94744514 -1.753517561e-05 56 906370518
0.5255941703 14.9585709 -1.757219446e-05 57 116116152
0.6784215447 14.93631942 -1.753387931e-05 57 304399219
0.8451423216 14.89181645 -1.745020985e-05 57 516351884
0.9979696993 14.86956497 -1.741915263e-05 57 708215673
1.178583879 14.82506201 -1.734720965e-05 57 906148509
1.345304664 14.78055905 -1.727631897e-05 58 101847022
1.52591885 14.7360561 -1.721367051e-05 58 306792897
1.678746239 14.7026789 -1.717542198e-05 58 511200208
1.789893455 14.61367294 -1.700101321e-05 58 704395867
1.880200573 14.53579272 -1.68488083e-05 58 905028442
2.012187899 14.43566102 -1.666151054e-05 59 116030605
2.137228526 14.34665507 -1.650117453e-05 59 306342324
2.241429053 14.26877486 -1.636289778e-05 59 505536448
2.359522973 14.21314616 -1.628077734e-05 59 709574023
2.491510306 14.13526598 -1.615724615e-05 59 904289800
2.630444354 14.03513429 -1.599132028e-05 60 107452190
2.804111896 13.95725414 -1.589383217e-05 60 311118985
2.98472613 13.90162549 -1.585527347e-05 60 513124284
3.144500288 13.81261959 -1.573846212e-05 60 704240766
3.318167868 13.70136219 -1.558592451e-05 60 911019058
3.512675564 13.57897907 -1.542762358e-05 61 110722941
3.686343143 13.4899732 -1.533606989e-05 61 309354552
3.84611736 13.35646431 -1.514922704e-05 61 513022921
4.068411886 13.23408123 -1.503214185e-05 61 705217432
4.235132813 13.11169812 -1.488734083e-05 61 907103889
4.408800431 13.01156652 -1.479927029e-05 62 103496377
4.540787856 12.90030913 -1.46668398e-05 62 307549126
4.707508836 12.74454878 -1.447313176e-05 62 512860980
4.832549594 12.6110399 -1.430143941e-05 62 704177866
4.936750231 12.4997825 -1.416069798e-05 62 905933303
5.103471203 12.37739941 -1.405243851e-05 63 111604599
5.23545866 12.26614204 -1.394476214e-05 63 310792595
5.381339515 12.16601045 -1.387399394e-05 63 501080504
5.436913338 11.97687275 -1.356378795e-05 63 707361903
5.506380546 11.80998658 -1.331158993e-05 63 906548606
5.527220921 11.5652201 -1.288075091e-05 64 110065794
5.575848064 11.36495665 -1.256243767e-05 64 308487539
5.652262075 11.12019023 -1.21970134e-05 64 509044236
5.659209027 10.89767524 -1.182066201e-05 64 698632231
5.76340983 10.6862861 -1.155512106e-05 64 894073124
5.846770515 10.4860227 -1.129854432e-05 65 100144758
5.881504283 10.27463349 -1.098598756e-05 65 307926218
5.832877628 10.02986693 -1.055148631e-05 65 510392979
5.742570709 9.807351827 -1.012423837e-05 65 699832986
5.686997349 9.551459515 -9.684767079e-06 65 904289390
5.638370653 9.32894446 -9.313658574e-06 66 104403287
5.610584036 9.139806678 -9.013931955e-06 66 294272296
5.568904015 8.939543132 -8.693570249e-06 66 513403124
5.541117418 8.728153851 -8.376791055e-06 66 703273802
5.534170929 8.527890342 -8.099537097e-06 66 899508493
5.520277755 8.305375327 -7.79347283e-06 67 102629182
5.499437884 8.071734555 -7.476351632e-06 67 305465119
5.457757886 7.83809376 -7.148649858e-06 67 508984432
5.450811404 7.626704502 -6.885624531e-06 67 709000925
5.423024759 7.448692473 -6.652043989e-06 67 898381782
5.353557881 7.248428899 -6.362503554e-06 68 112472329
5.284090996 7.048165327 -6.080073509e-06 68 303253232
5.165997195 6.792272955 -5.706139269e-06 68 514315408
5.06874349 6.558632108 -5.382787969e-06 68 713035752
4.964543043 6.347242755 -5.087375132e-06 68 893672865
4.860342588 6.135853405 -4.800805096e-06 69 109356290
4.728355281 5.924464032 -4.502150643e-06 69 305740339
4.589421241 5.724200405 -4.217738363e-06 69 509587953
4.436593796 5.49055952 -3.9034263e-06 69 706639119
4.26292621 5.245792872 -3.580035395e-06 69 900199705
4.089258572 5.04552923 -3.30407973e-06 70 107324451
3.922537615 4.867517099 -3.061717119e-06 70 293353635
3.790550211 4.689505 -2.848561877e-06 70 515175005
3.630775953 4.500367136 -2.618608833e-06 70 702817044
3.464054955 4.333480769 -2.411785522e-06 70 902184451
3.290387226 4.177720154 -2.214536718e-06 71 102076484
3.102826072 3.999708037 -2.007439342e-06 71 300659323
2.915264905 3.821695928 -1.810036759e-06 71 506305217
2.720756993 3.677061071 -1.639126699e-06 71 694181868
2.498462207 3.543551957 -1.472372776e-06 71 902290788
2.283114119 3.421168607 -1.324804278e-06 72 103560903
2.053872583 3.321036759 -1.1948206e-06 72 307688694
1.824631037 3.220904924 -1.073076678e-06 72 514635212
1.588442778 3.087395845 -9.439064927e-07 72 710167444
1.421721633 3.042892795 -8.831771903e-07 72 905706993
1.213320197 2.987263992 -8.148700443e-07 73 107991397
1.032705617 2.931635203 -7.57078247e-07 73 309515995
0.8729311786 2.876006424 -7.07752208e-07 73 512663836
0.6436895869 2.79812614 -6.463557609e-07 73 706994576
0.463074993 2.75362312 -6.113569926e-07 73 906411381
0.2685669651 2.709120106 -5.805073684e-07 74 104506744
0.06711221818 2.67574285 -5.612845064e-07 74 308680420
-0.1899162556 2.642365604 -5.499950728e-07 74 515730630
-0.4122111521 2.642365617 -5.60584239e-07 74 710099387
-0.5928257556 2.642365635 -5.747884566e-07 74 905516160
-0.8151206522 2.642365665 -5.990073797e-07 75 115011160
-1.058255693 2.65349146 -6.393130694e-07 75 312163894
-1.31528417 2.64236577 -6.826444063e-07 75 510806536
-1.55147249 2.664617336 -7.456606532e-07 75 709418386
-1.766820659 2.697994656 -8.154784044e-07 75 909983136
-1.99606226 2.720246241 -8.912800926e-07 76 109197883
-2.190570277 2.75362357 -9.700253629e-07 76 307494477
-2.405918416 2.831503917 -1.081166394e-06 76 513754472
-2.690733742 2.831504059 -1.194816104e-06 76 703651481
-2.913028618 2.853755682 -1.302131584e-06 76 902893315
-3.121430027 2.931636056 -1.436098749e-06 77 103544653
-3.322884693 3.042893682 -1.588738532e-06 77 304642860
-3.482659061 3.154151289 -1.72848202e-06 77 512569102
-3.70495387 3.243157444 -1.898508972e-06 77 710886814
-3.913355208 3.3766666 -2.091378329e-06 77 906451671
-4.100916393 3.510175746 -2.281737592e-06 78 105026833
-4.281530834 3.665936395 -2.486657968e-06 78 304338793
-4.455198551 3.821697044 -2.697876625e-06 78 498929142
-4.608026146 3.944080428 -2.880949111e-06 78 706547413
-4.781693875 4.066463838 -3.084284917e-06 78 914353671
-4.955361595 4.188847254 -3.296206467e-06 79 124328550
-5.094295751 4.300104891 -3.480168369e-06 79 308491364
-5.240176604 4.422488289 -3.681768649e-06 79 514915275
-5.372164 4.567123176 -3.893322975e-06 79 705700608
-5.490257903 4.767386801 -4.140060662e-06 79 895227640
-5.601405133 4.923147421 -4.354863654e-06 80 103382395
-5.68476547 5.112285263 -4.577728767e-06 80 302483727
-5.782019175 5.345926122 -4.855941429e-06 80 509015159
-5.886219608 5.557315489 -5.132691665e-06 80 706739202
-5.997366795 5.72420187 -5.383827802e-06 80 903703313
-6.073780394 5.913339709 -5.628884371e-06 81 110189191
-6.177980871 6.069100335 -5.87476993e-06 81 303583054
-6.261341127 6.291615437 -6.171807748e-06 81 508416678
-6.337754666 6.514130531 -6.469913707e-06 81 706778937
-6.40722153 6.703268368 -6.735262624e-06 81 905589453
-6.379434439 6.903531832 -6.922144492e-06 82 108832738
-6.393327662 7.059292349 -7.105932283e-06 82 303522140
-6.358593906 7.226178556 -7.258145783e-06 82 502104378
-6.400273938 7.404190609 -7.503632879e-06 82 706306424
-6.455847342 7.615579929 -7.809215354e-06 82 904355195
-6.504474061 7.804717741 -8.08676235e-06 83 108949585
-6.476686944 8.027232705 -8.33545598e-06 83 305505171
-6.511420257 8.205244749 -8.598156549e-06 83 513249992
-6.525313458 8.372131018 -8.828140143e-06 83 705082720
-6.573940182 8.550143081 -9.113923991e-06 83 894579046
-6.546153095 8.750406546 -9.358393871e-06 84 110968685
-6.518366024 8.93954426 -9.591442361e-06 84 305125215
-6.497525647 9.139807734 -9.854058463e-06 84 512246539
-6.435005076 9.306693905 -1.003280975e-05 84 706660363
-6.407218026 9.48470587 -1.026780233e-05 84 905199528
-6.386377712 9.640466345 -1.047963989e-05 85 110119368
-6.282176917 9.807352464 -1.063172876e-05 85 299566377
-6.282176711 9.974238716 -1.088981634e-05 85 512247861
-6.261336416 10.11887344 -1.109836722e-05 85 706548742
-6.198815879 10.27463386 -1.128586714e-05 85 905176480
-6.094615062 10.47489724 -1.151185154e-05 86 116385772
-5.983467615 10.61953186 -1.164657165e-05 86 306087659
-5.844533369 10.7530407 -1.174170473e-05 86 510046538
-5.670865559 10.9310525 -1.188762908e-05 86 696450806
-5.62223847 11.0756872 -1.209545563e-05 86 900238263
-5.511091062 11.20919608 -1.223088898e-05 87 114736488
-5.337423279 11.38720789 -1.239897401e-05 87 301421349
-5.205435763 11.53184251 -1.254944466e-05 87 512371899
-5.101235068 11.67647715 -1.272965993e-05 87 705122855
-4.941460732 11.84336325 -1.291108537e-05 87 898814986
-4.802526537 11.98799787 -1.307573285e-05 88 104517154
-4.649698974 12.09925522 -1.317225627e-05 88 303459778
-4.476031311 12.21051257 -1.326193471e-05 88 504981239
-4.302363665 12.31064417 -1.333421226e-05 88 700037405
-4.121749324 12.41077577 -1.340995185e-05 88 905102488
-3.892508033 12.56653609 -1.357106983e-05 89 106034649
-3.67021349 12.67779343 -1.3659315e-05 89 294349735
-3.447918994 12.73342202 -1.364701512e-05 89 509965665
-3.218677773 12.83355362 -1.372900807e-05 89 708461802
-2.961649756 12.93368522 -1.380658656e-05 89 909361990
-2.704621766 13.00043957 -1.382823996e-05 90 107988675
-2.454540474 13.08944545 -1.390958952e-05 90 304983156
-2.190565797 13.15619983 -1.39519427e-05 90 514268155
-1.933537842 13.18957697 -1.393708598e-05 90 693004820
-1.65566979 13.21182838 -1.390393957e-05 90 903363248
-1.363908341 13.22295404 -1.385934481e-05 91 110182459
-1.079093595 13.23407972 -1.382838854e-05 91 309876074
-0.8498524622 13.22295393 -1.377002881e-05 91 511989185
-0.5719844219 13.20070239 -1.369306611e-05 91 707149404
-0.287169678 13.17845086 -1.362856736e-05 91 906279733
-0.02319503518 13.15619936 -1.357657882e-05 92 93836441
0.2268862086 13.11169636 -1.348829376e-05 92 303500985
0.4561273509 13.08944488 -1.345478619e-05 92 509566129
0.6992618978 13.0671934 -1.342967078e-05 92 706261059
0.9354497557 12.98931319 -1.330182841e-05 92 900574774
1.14385081 12.93368448 -1.322283118e-05 93 107529140
1.352251875 12.85580428 -1.31055016e-05 93 300036208
1.546759556 12.73342109 -1.290400774e-05 93 502674297
1.741267254 12.5887864 -1.266696297e-05 93 701814012
1.928828269 12.42190022 -1.23929399e-05 93 904806021
2.095549181 12.27726553 -1.216499577e-05 94 102396422
2.303950312 12.14375662 -1.198222786e-05 94 309064332
2.519298157 12.01024772 -1.180991788e-05 94 512964652
2.699912499 11.87673881 -1.163464507e-05 94 707579538
2.887473566 11.72097842 -1.142687521e-05 94 905380963
3.068087928 11.58746952 -1.126761414e-05 95 120896729
3.213968781 11.45396061 -1.10982631e-05 95 311756859
3.373743057 11.30932596 -1.092232058e-05 95 512780846
3.526570631 11.17581707 -1.076954684e-05 95 705829804
3.686344917 11.04230818 -1.062680336e-05 95 904904942
3.81833241 10.88654777 -1.043580755e-05 96 101885997
3.950319895 10.75303887 -1.02902409e-05 96 308050228
4.110094223 10.5972785 -1.013003075e-05 96 512791374
4.262921865 10.43039237 -9.954560163e-06 96 704779643
4.408802774 10.30800925 -9.853798019e-06 96 905766645
4.506056792 10.14112308 -9.655215253e-06 97 111998044
4.589417396 9.985362657 -9.468179528e-06 97 307369373
4.644991203 9.807350706 -9.232320489e-06 97 505151589
4.693618297 9.640464501 -9.012349634e-06 97 704637752
4.742245436 9.429075295 -8.732113516e-06 97 908916940
4.776979145 9.239937578 -8.480741448e-06 98 101301688
4.818659584 9.028548366 -8.209406258e-06 98 301156445
4.881180126 8.839410675 -7.992172302e-06 98 512789077
4.957594045 8.694775999 -7.852207046e-06 98 703338551
4.992327767 8.505638282 -7.622391981e-06 98 893599238
4.964541154 8.283123255 -7.309310382e-06 99 104666619
4.985381506 8.049482525 -7.025797985e-06 99 308678806
5.013168536 7.849219053 -6.798025237e-06 99 501816949
4.999275316 7.648955539 -6.54414245e-06 99 701413105
5.006222222 7.448692046 -6.312042342e-06 99 901256096
4.985382313 7.226177025 -6.039376344e-06 100 108268946
4.929808855 7.003661971 -5.748416508e-06 100 294851237
4.853395241 6.803398398 -5.472622014e-06 100 502478970
4.797821751 6.603134846 -5.22006411e-06 100 700270537
4.728354857 6.380619781 -4.942312843e-06 100 895539716
4.665834657 6.169230473 -4.68811851e-06 101 97785627
4.610261153 5.968966922 -4.457774116e-06 101 302657888
4.53384751 5.768703354 -4.218117105e-06 101 505706382
4.457433862 5.568439788 -3.985569195e-06 101 698480989
4.367126775 5.37930196 -3.760732943e-06 101 907834062
4.290713095 5.201289895 -3.561494041e-06 102 102535496
4.179565858 5.012152054 -3.336761372e-06 102 299776367
4.10315214 4.867517241 -3.175213318e-06 102 503096709
3.978111446 4.700630894 -2.969376034e-06 102 702659006
3.839177326 4.522618787 -2.757819551e-06 102 896141884
3.672456336 4.355732416 -2.542589545e-06 103 103812085
3.498788621 4.188846044 -2.332699493e-06 103 303965517
3.345961036 4.021959692 -2.143440989e-06 103 510451254
3.193133434 3.866199094 -1.969443219e-06 103 701508320
3.05419923 3.74381576 -1.827642943e-06 103 901677539
2.936105163 3.621432441 -1.702139346e-06 104 108361770
2.776330809 3.487923351 -1.556309424e-06 104 296572918
2.623503156 3.365540021 -1.425611195e-06 104 513504788
2.484568931 3.232030952 -1.300699013e-06 104 703678000
2.338687973 3.120773384 -1.191655742e-06 104 905853729
2.171966854 3.031767311 -1.089437706e-06 105 109884719
2.026085875 2.942761251 -9.99308954e-07 105 309713768
1.880204887 2.864880946 -9.200946953e-07 105 516675686
1.692643605 2.77587488 -8.279361039e-07 105 694577020
1.51202903 2.697994574 -7.5004408e-07 105 909996903
1.359201314 2.608988532 -6.787070872e-07 106 109783962
1.185533443 2.53110824 -6.118315938e-07 106 308386763
1.03270571 2.475479456 -5.6367754e-07 106 512579984
0.8937714005 2.44210218 -5.297221066e-07 106 705540805
0.7617838038 2.419850659 -5.03371997e-07 106 909728238
0.5742224791 2.397599134 -4.758213685e-07 107 101835459
0.3449808582 2.364221863 -4.472078958e-07 107 307443551
0.09489908672 2.319718853 -4.223780004e-07 107 509449788
-0.1135023925 2.297467353 -4.131517704e-07 107 708695376
-0.2732768609 2.28634161 -4.156049149e-07 107 906324371
-0.4816783421 2.275215876 -4.229542678e-07 108 107724945
-0.731760114 2.308593155 -4.588102454e-07 108 301778430
-1.023522185 2.308593205 -4.989982927e-07 108 513425679
-1.329177682 2.330844776 -5.63762077e-07 108 698450769
-1.558419281 2.41985084 -6.478571239e-07 108 902377123
-1.766820725 2.508856907 -7.369773405e-07 109 111477144
-1.96132873 2.597862979 -8.29350117e-07 109 305404600
-2.176676889 2.653491815 -9.222079882e-07 109 507721673
-2.398971748 2.731372165 -1.03388884e-06 109 698509944
-2.656000166 2.831504041 -1.180425903e-06 109 912671148
-2.871348301 2.898258657 -1.303706093e-06 110 102596266
-3.065856266 2.998390521 -1.439598976e-06 110 304309676
-3.253417507 3.098522386 -1.580765761e-06 110 509343242
-3.42013859 3.209779995 -1.722229065e-06 110 704194033
-3.656326819 3.309911909 -1.904036285e-06 110 911285598
-3.816101138 3.465672525 -2.080830223e-06 111 103194686
-3.982822188 3.588055902 -2.249711379e-06 111 306502844
-4.184276773 3.743816564 -2.467630032e-06 111 509361594
-4.399624782 3.888451495 -2.699394906e-06 111 707726258
-4.621919483 4.04421219 -2.953596956e-06 111 898313588
-4.816427305 4.211098621 -3.204221449e-06 112 101611278
-4.955361367 4.422488003 -3.454519896e-06 112 309749004
-5.094295451 4.600500139 -3.689803235e-06 112 500581686
-5.24017626 4.756260786 -3.92260404e-06 112 706419730
-5.399950473 4.923147203 -4.181595822e-06 112 905494206
-5.545831264 5.078907859 -4.428092675e-06 113 116892902
-5.643085037 5.256919966 -4.657952359e-06 113 316549351
-5.761179014 5.368177598 -4.855161647e-06 113 514803047
-5.844539402 5.501686693 -5.045703236e-06 113 704876459
-5.934846511 5.624070046 -5.236295048e-06 113 896028357
-5.997366691 5.813207869 -5.463811287e-06 114 106525970
-6.080726972 6.024597218 -5.737777149e-06 114 306282386
-6.191874157 6.180357852 -5.994543438e-06 114 514338773
-6.261341099 6.313866938 -6.193477524e-06 114 705645720
-6.282181025 6.480753211 -6.381370957e-06 114 909863222
-6.289127433 6.725519721 -6.641971575e-06 115 110546313
-6.303020563 6.959160487 -6.906839467e-06 115 304082076
-6.282180104 7.226178461 -7.182541687e-06 115 512260717
-6.316913305 7.504322254 -7.537792435e-06 115 705428528
-6.351646586 7.715711547 -7.825564015e-06 115 907073216
-6.393326614 7.893723599 -8.085024136e-06 116 105115417
-6.400273084 8.082861358 -8.328552887e-06 116 306818800
-6.358592557 8.305376306 -8.572771448e-06 116 504186671
-6.372485736 8.494514074 -8.836051488e-06 116 707410337
-6.414165771 8.661400377 -9.102582903e-06 116 903003533
-6.400272146 8.82828661 -9.317387827e-06 117 108591248
-6.36553829 9.084178817 -9.641491224e-06 117 303951366
-6.303017613 9.340070989 -9.950405651e-06 117 509682370
-6.136296338 9.607088786 -1.018521553e-05 117 708007554
-6.032095497 9.818477912 -1.040678743e-05 117 902591945
-5.962628218 10.00761558 -1.063697242e-05 118 115279543
-5.823693829 10.25238192 -1.089675771e-05 118 305282284
-5.691706232 10.43039377 -1.106734954e-05 118 513011535
-5.531931826 10.6084056 -1.122110152e-05 118 704828436
-5.365210715 10.79754317 -1.13952528e-05 118 910503958
-5.177649516 10.97555498 -1.15450509e-05 119 109490442
-5.038715279 11.13131534 -1.170519974e-05 119 303243333
-4.899781061 11.27594995 -1.185114717e-05 119 512997788
-4.64275282 11.49846471 -1.205527851e-05 119 701293574
-4.399618008 11.7209795 -1.228897932e-05 119 901270652
-4.219003597 11.87673985 -1.245715824e-05 120 99940987
-4.010602361 12.06587743 -1.267684357e-05 120 303060403
-3.823041256 12.24388929 -1.290105062e-05 120 505366812
-3.586853256 12.41077537 -1.308764733e-05 120 697451973
-3.434025726 12.53315851 -1.324236743e-05 120 905763092
-3.142264145 12.68891882 -1.340029862e-05 121 101259612
-2.892182823 12.78905043 -1.34826824e-05 121 309848417
-2.683781721 12.88918206 -1.359396489e-05 121 509980184
-2.447593837 12.95593644 -1.363464591e-05 121 700410089
-2.183619163 13.00043932 -1.362876825e-05 121 902908823
-1.919644481 13.07831947 -1.370415419e-05 122 107925570
-1.676509911 13.15619963 -1.379652388e-05 122 300881426
-1.433375352 13.22295406 -1.387454177e-05 122 509922126
-1.211080907 13.267457 -1.39210366e-05 122 698180641
-0.9332128587 13.31195994 -1.396757481e-05 122 901577001
-0.6831316215 13.3342114 -1.398186835e-05 123 109236522
-0.474730593 13.34533713 -1.398625777e-05 123 300060946
-0.259382865 13.34533712 -1.397399225e-05 123 507429871
-0.06487524001 13.32308561 -1.392253525e-05 123 701162972
0.1435257892 13.27858261 -1.383038269e-05 123 897229418
0.365820225 13.22295387 -1.372418781e-05 124 110836272
0.5533811636 13.13394789 -1.35527832e-05 124 307217298
0.7339954058 13.05606766 -1.341152922e-05 124 510332760
0.8937695474 12.98931318 -1.329580434e-05 124 709890914
1.095223904 12.91143297 -1.316904986e-05 124 906844461
1.317518381 12.80017552 -1.298673004e-05 125 111308427
1.498132663 12.66666657 -1.275978649e-05 125 307861364
1.685693653 12.54428338 -1.25645662e-05 125 511831142
1.845467839 12.43302594 -1.239024956e-05 125 706939412
2.005242033 12.3217685 -1.222276805e-05 125 907009724
2.19974975 12.19938532 -1.205154883e-05 126 96724771
2.401204185 12.06587641 -1.186967292e-05 126 309345181
2.581818521 11.9323675 -1.16884321e-05 126 511832509
2.797166389 11.78773287 -1.150970782e-05 126 707013256
3.012514275 11.63197249 -1.132253091e-05 126 904598546
3.248702284 11.47621213 -1.115509409e-05 127 118501679
3.41542325 11.35382899 -1.102353612e-05 127 308193106
3.575197542 11.1980686 -1.08349199e-05 127 507061670
3.769705382 11.02005674 -1.063601057e-05 127 712633359
3.943373104 10.86429637 -1.047414579e-05 127 907021736
4.082307297 10.73078748 -1.033554451e-05 128 111612367
4.193454716 10.55277557 -1.011026272e-05 128 301431613
4.207348272 10.37476358 -9.827050301e-06 128 504940110
4.276815471 10.19675164 -9.585888761e-06 128 700460981
4.374069488 10.02986547 -9.386869469e-06 128 899076636
4.457430099 9.862979289 -9.18396317e-06 129 105519063
4.519950589 9.707218845 -8.98883808e-06 129 301547151
4.60331123 9.518081167 -8.762361158e-06 129 515590551
4.70056528 9.340069256 -8.570785274e-06 129 700926517
4.804766034 9.173183104 -8.405106366e-06 129 897045733
4.902020087 9.006296946 -8.241493879e-06 130 96806581
4.985380711 8.861662277 -8.10369035e-06 130 300219761
5.054847947 8.694776095 -7.928226694e-06 130 505126831
5.061794875 8.472261101 -7.633851067e-06 130 697231803
5.089581917 8.260871878 -7.37916118e-06 130 900510855
5.138209074 8.060608427 -7.161976704e-06 131 119890537
5.179889516 7.87147072 -6.958783376e-06 131 307166171
5.172943022 7.660081462 -6.694422116e-06 131 493410769
5.193783341 7.470943733 -6.48749337e-06 131 702617238
5.145156615 7.237302934 -6.179383869e-06 131 903687079
5.068743057 6.992536357 -5.843649117e-06 132 101991567
5.027063031 6.758895566 -5.559794369e-06 132 300782433
4.97843629 6.525254768 -5.277972737e-06 132 503476801
4.888129271 6.302739681 -4.985133329e-06 132 706497521
4.832555788 6.091350378 -4.736771099e-06 132 890445091
4.818662556 5.891086866 -4.537251713e-06 133 102496648
4.804769302 5.713074853 -4.365835553e-06 133 302949476
4.749195798 5.512811302 -4.148437735e-06 133 514772639
4.665835453 5.301421976 -3.906878217e-06 133 702037058
4.561634964 5.090032632 -3.659629458e-06 133 901611343
4.443541042 4.878643278 -3.410753122e-06 134 102449038
4.346287219 4.700631195 -3.209172156e-06 134 294207180
4.249033372 4.544870613 -3.032043216e-06 134 500945897
4.130939396 4.366858517 -2.830848439e-06 134 697318539
4.054525667 4.222223706 -2.683379535e-06 134 900782570
3.943378374 4.066463119 -2.512001383e-06 135 106334378
3.769710675 3.877325239 -2.289726087e-06 135 305288167
3.637723239 3.699313144 -2.10790541e-06 135 511600572
3.533522629 3.554678321 -1.966874171e-06 135 703257933
3.408481861 3.421169237 -1.825965042e-06 135 907546854
3.255654236 3.276534387 -1.670574019e-06 136 118532318
3.068093047 3.098522271 -1.489137156e-06 136 307844431
2.908318687 2.953887429 -1.345731973e-06 136 516169156
2.755491028 2.820378345 -1.216877919e-06 136 706387145
2.602663349 2.709120765 -1.104771943e-06 136 900477625
2.463729083 2.620114696 -1.011776555e-06 137 108021180
2.303954671 2.519982873 -9.130113003e-07 137 307647205
2.116393394 2.408725291 -8.045288711e-07 137 513928022
1.921885392 2.297467716 -7.013719492e-07 137 713159222
1.727377375 2.208461646 -6.151123484e-07 137 911314122
1.546762776 2.141707088 -5.465182686e-07 138 107778093
1.317521162 2.063826775 -4.691403073e-07 138 294201409
1.102172968 2.008197974 -4.104515282e-07 138 509867897
0.88682477 1.952569183 -3.598714255e-07 138 710450512
0.7062101482 1.908066155 -3.233713691e-07 138 902836286
0.5117020901 1.863563132 -2.921823312e-07 139 105786741
0.2894071608 1.841311615 -2.725821864e-07 139 304935442
0.04627207946 1.830185857 -2.623732173e-07 139 511604058
-0.22464987 1.807934361 -2.599879295e-07 139 698420721
-0.4747316707 1.796808629 -2.698981889e-07 139 911307114
-0.7109200391 1.785682906 -2.888536778e-07 140 118335795
-0.961001842 1.774557198 -3.18627161e-07 140 308674771
-1.176350055 1.796808743 -3.604356162e-07 140 505512684
-1.398644973 1.852437548 -4.21974776e-07 140 701453447
-1.676513618 1.908066382 -5.041985206e-07 140 905099509
-1.912701959 1.963695215 -5.877523359e-07 141 110578321
-2.058582969 2.052701271 -6.62109602e-07 141 302162930
-2.280877856 2.130581615 -7.623919773e-07 141 513905082
-2.49622601 2.230713465 -8.772070093e-07 141 699411399
-2.732414285 2.364222586 -1.022042241e-06 141 898395578
-2.96860256 2.475480218 -1.169823821e-06 142 100262505
-3.15616383 2.564486329 -1.294165595e-06 142 306345991
-3.336778371 2.664618194 -1.428339064e-06 142 509472533
-3.510446197 2.75362431 -1.558564233e-06 142 706749577
-3.642433677 2.909384902 -1.700980378e-06 142 910757945
-3.850835047 3.020642554 -1.874213416e-06 143 109295185
-3.989769208 3.198654661 -2.047278565e-06 143 308425524
-4.156490262 3.321038043 -2.216572783e-06 143 516720961
-4.29542446 3.432295657 -2.366604668e-06 143 698403363
-4.371838166 3.610307722 -2.5168865e-06 143 905152128
-4.559399329 3.743816887 -2.724411769e-06 144 118781464
-4.712226873 3.921829025 -2.943431433e-06 144 302951384
-4.865054416 4.088715417 -3.162400775e-06 144 513097977
-5.052615516 4.255601849 -3.417861509e-06 144 706051762
-5.233229822 4.48924278 -3.722931444e-06 144 905103967
-5.35827041 4.72288366 -3.99469847e-06 145 98963327
-5.441630724 4.945398748 -4.234619606e-06 145 307205999
-5.538884467 5.156788101 -4.484748692e-06 145 518599714
-5.636138202 5.368177458 -4.743470245e-06 145 708855003
-5.698658321 5.624069776 -5.021266531e-06 145 906557112
-5.768125183 5.846584854 -5.282979271e-06 146 107038614
-5.858432198 6.046848457 -5.553195539e-06 146 307559623
-5.955685889 6.269363569 -5.856408998e-06 146 499336147
-6.025152652 6.558633151 -6.212980712e-06 146 709814946
-6.080726041 6.803399718 -6.522654109e-06 146 906675280
-6.122406046 7.014789016 -6.791897822e-06 147 109502673
-6.191872884 7.22617835 -7.094483184e-06 147 307028035
-6.226606172 7.437567643 -7.371039882e-06 147 514080541
-6.212712455 7.682334125 -7.648593863e-06 147 706815430
-6.261339155 7.893723436 -7.954631458e-06 147 904876194
-6.268285603 8.105112694 -8.225491802e-06 148 107149076
-6.254391927 8.316501927 -8.484067074e-06 148 311910247
-6.247444959 8.527891168 -8.756868055e-06 148 513637340
-6.247444672 8.761531919 -9.073128465e-06 148 707945718
-6.233550999 8.972921152 -9.354532249e-06 148 907690324
-6.122403435 9.184310268 -9.547518541e-06 149 106360687
-6.032095998 9.395699411 -9.770521285e-06 149 306066351
-5.90705504 9.607088515 -9.969168747e-06 149 510949918
-5.86537456 9.818477717 -1.025162331e-05 149 710271199
-5.837587482 10.04099269 -1.057351766e-05 149 904046928
-5.726439919 10.28575906 -1.086259225e-05 150 106763927
-5.615292356 10.54165119 -1.118239311e-05 150 305448174
-5.469411341 10.74191453 -1.139033783e-05 150 508069620
-5.420784256 10.88654923 -1.159407299e-05 150 701959434
-5.254063158 11.0756868 -1.178200827e-05 150 899853532
-5.038715136 11.27595009 -1.195913366e-05 151 111784537
-4.858100658 11.46508766 -1.215586368e-05 151 308543995
-4.6913796 11.65422526 -1.237463693e-05 151 507668626
-4.566338803 11.80998565 -1.257087324e-05 151 700341297
-4.385724343 12.02137474 -1.283843571e-05 151 891306894
-4.260683573 12.16600938 -1.302887515e-05 152 107007654
-4.06617576 12.34402123 -1.324483156e-05 152 304911774
-3.87861468 12.49978158 -1.34307998e-05 152 504168618
-3.746627275 12.58878748 -1.352776835e-05 152 699242911
-3.51043931 12.73342206 -1.368103575e-05 152 899762191
-3.295091484 12.84467942 -1.378942006e-05 153 108819334
-3.051956861 12.95593677 -1.389484603e-05 153 292304144
-2.781035439 13.07831987 -1.402077424e-05 153 508269115
-2.565687649 13.1784515 -1.413695657e-05 153 705742654
-2.350339873 13.2674574 -1.423820731e-05 153 905960178
-2.107205314 13.32308605 -1.426972129e-05 154 108648141
-1.871017458 13.38984045 -1.433543225e-05 154 303879815
-1.607042805 13.45659486 -1.440441724e-05 154 514833375
-1.356961575 13.46772054 -1.436986517e-05 154 697506332
-1.113827047 13.47884623 -1.434649157e-05 154 905444581
-0.9054260232 13.48997194 -1.433694944e-05 155 108030576
-0.6761849044 13.45659465 -1.423831782e-05 155 305997048
-0.4469437825 13.42321738 -1.414824448e-05 155 518117688
-0.2177026586 13.36758861 -1.401894884e-05 155 708528038
-0.0440351375 13.28970836 -1.385256353e-05 155 908095528
0.06711207962 13.17845086 -1.362246686e-05 156 110028562
0.1365790951 13.02269036 -1.330283643e-05 156 305844428
0.2477263264 12.82242686 -1.290023442e-05 156 516341038
0.2824598449 12.63328911 -1.252413186e-05 156 706161541
0.3519268829 12.35514536 -1.198303464e-05 156 908979442
0.4422340393 12.04362437 -1.139119474e-05 157 106748869
0.5186477938 11.79885787 -1.094011851e-05 157 300189670
0.6297950723 11.55409138 -1.05023974e-05 157 514394714
0.7201022552 11.27594764 -1.001341336e-05 157 710049521
0.7756759257 11.00892965 -9.553029956e-06 157 908836940
0.8104094817 10.78641466 -9.176447997e-06 158 111320354
0.9076633909 10.51939667 -8.742958001e-06 158 306432925
0.9771304876 10.26350443 -8.336886848e-06 158 509621895
1.004917359 10.00761219 -7.934349659e-06 158 697030695
1.046597637 9.785097194 -7.594598604e-06 158 916024804
1.074384517 9.518079198 -7.19509445e-06 159 107652647
1.053544451 9.262186944 -6.81542784e-06 159 305896852
1.060491211 9.006294694 -6.44971327e-06 159 516813484
1.025757733 8.728150937 -6.057028422e-06 159 707383533
0.9493440056 8.450007171 -5.669569094e-06 159 906946494
0.9076638097 8.171863412 -5.302167071e-06 160 96722099
0.8659836074 7.904845405 -4.958928905e-06 160 306477345
0.8104099886 7.604450148 -4.586329007e-06 160 515494486
0.8381968694 7.326306401 -4.26431622e-06 160 708248750
0.8520903379 7.025911154 -3.92768013e-06 160 900736919
0.8381969592 6.781144652 -3.660868701e-06 161 116492445
0.8520904125 6.580881155 -3.452402503e-06 161 299372911
0.8451437393 6.358366153 -3.226683637e-06 161 497871959
0.761783249 6.12472539 -2.986725056e-06 161 700396918
0.7062095938 5.902210383 -2.77052574e-06 161 905136431
0.6297957968 5.701946873 -2.580537265e-06 162 104037289
0.5950622609 5.523934869 -2.420488759e-06 162 306488219
0.5742221475 5.334797118 -2.257655911e-06 162 513117179
0.5464353205 5.145659366 -2.100188345e-06 162 702916314
0.4700215069 4.934270109 -1.92684016e-06 162 893333133
0.4283412466 4.767383856 -1.796310615e-06 163 106926993
0.4561281091 4.633874859 -1.700069175e-06 163 302400024
0.4075011418 4.355731106 -1.500490486e-06 163 508972971
0.3102471756 4.055335851 -1.297359922e-06 163 702506395
0.2755136185 3.85507235 -1.170627892e-06 163 901519885
0.2685669181 3.599180101 -1.0210793e-06 164 96694508
0.2824603608 3.343287853 -8.822078754e-07 164 306896483
0.2477268026 3.042892603 -7.29663185e-07 164 510392557
0.1990998104 2.720245853 -5.828023995e-07 164 706601599
0.1157392316 2.453227853 -4.720781641e-07 164 903599824
0.04627207601 2.208461353 -3.819668934e-07 165 107842644
-0.07182210195 1.919191857 -2.887343968e-07 165 301305465
-0.2385433122 1.618796614 -2.099305989e-07 165 503274953
-0.3844243876 1.351778624 -1.542570146e-07 165 705127237
-0.4538915832 1.095886384 -1.108224601e-07 165 907674588
-0.4955719183 0.7954911399 -6.834310623e-08 166 109441656
-0.4955719421 0.5507246429 -4.239239648e-08 166 306164340
-0.5650391555 0.2837066531 -3.043690747e-08 166 517729888
-0.5441990219 0.07231740343 -2.375884157e-08 166 706850654
-0.5164121639 -0.1056945977 -2.059224685e-08 166 905484250
-0.5164121797 -0.261455096 -2.566970062e-08 167 112562570
-0.5094654702 -0.3615868455 -2.96846111e-08 167 304648457
-0.4608384389 -0.4283413492 -3.039588248e-08 167 511183272
-0.3844245238 -0.4505928555 -2.777765734e-08 167 706664627
-0.2802237258 -0.4172156128 -1.953581369e-08 167 917536296
-0.1343426107 -0.3615868696 -1.054605392e-08 168 117312569
-0.148236048 -0.2948323703 -7.525014195e-09 168 303550235
-0.1482360451 -0.1947006206 -4.833838441e-09 168 509349475
-0.2107565146 -0.07231737026 -3.829836552e-09 168 708173447
-0.3010638579 0.0389401335 -6.732024768e-09 168 905548320
-0.3219040151 0.03894013484 -7.799171579e-09 169 109419523
-0.2454901048 0.05006588041 -4.265276504e-09 169 311138211
-0.2246499486 0.02781438025 -2.968280059e-09 169 508717647
-0.1899163548 -0.0166886222 -2.240517993e-09 169 717052972
-0.1412893217 -0.05006587281 -5.944502529e-10 169 914500576
-0.1482360422 -0.09456887258 -2.001369813e-09 170 110747690
-0.1690761996 -0.08344312115 -1.943783509e-09 170 309674382
-0.134342604 -0.1056946222 -1.150385613e-09 170 511150479
-0.1412893233 -0.1056946218 -1.40896636e-09 170 702175637
-0.1343426034 -0.08344312204 -1.230498627e-09 170 892999379
-0.1899163548 -0.0166886222 -2.240517993e-09 171 105993339
-0.1899163494 0.1279461265 -3.497388622e-09 171 307602185
-0.2246499363 0.3059581258 -1.112325346e-08 171 510190996
-0.2663302445 0.3838383775 -1.718762671e-08 171 706406574
-0.3288507126 0.3727126315 -1.919436071e-08 171 906220182
-0.3913711828 0.339335386 -2.03889835e-08 172 108000065
-0.4399982153 0.3170838902 -2.255714704e-08 172 291079357
-0.4816785317 0.2725808945 -2.36520234e-08 172 506083497
-0.4469449399 0.2503293912 -1.9800991e-08 172 705270556
-0.4191580666 0.2280778902 -1.664162907e-08 172 906580798
-0.3774777537 0.2280778871 -1.421367619e-08 173 101812446
-0.3219040039 0.2169521324 -1.050039485e-08 173 305583049
-0.2941171298 0.1947006306 -9.090122446e-09 173 510894405
-0.2802236927 0.1835748801 -8.675196631e-09 173 694577486
-0.2732769745 0.1724491311 -7.062537527e-09 173 906499922
-0.2524368178 0.1724491297 -5.994097371e-09 174 106335952
-0.2524368183 0.1613233798 -6.098428276e-09 174 305148663
-0.2663302573 0.1390718804 -6.535834554e-09 174 510974910
-0.2871704154 0.1168203822 -6.793560284e-09 174 707591721
-0.2871704166 0.09456888276 -7.291850422e-09 174 901935345
-0.2941171356 0.09456888272 -7.261091645e-09 175 95512389
-0.294117135 0.1056946322 -6.866985806e-09 175 303072537
-0.3010638546 0.09456888341 -7.810313889e-09 175 509913343
-0.3080105743 0.08344313313 -7.593593698e-09 175 705102879
-0.3080105757 0.061191633 -7.51167864e-09 175 904563981
-0.3288507335 0.05006588504 -7.954283673e-09 176 111378842
-0.3496908907 0.05006588602 -8.73154344e-09 176 301241552
-0.3844244876 0.02781438992 -1.066555205e-08 176 508641158
-0.405264644 0.03894014056 -1.235772779e-08 176 703025110
-0.4330515203 0.03894014296 -1.426391492e-08 176 903031540
-0.4399982394 0.03894014328 -1.452296558e-08 177 109722808
-0.4608383976 0.02781439605 -1.554465924e-08 177 305308573
